291
3.480567E+00
9.682290E-01
6.624711E-01
3.895292E-01
2.963538E-01
2.199889E-01
1.794673E-01
1.526170E-01
1.307499E-01
1.135425E-01
9.883909E-02
8.616925E-02
7.618485E-02
6.710842E-02
5.995917E-02
5.314699E-02
4.783180E-02
4.256356E-02
3.854544E-02
3.441713E-02
3.130136E-02
2.805604E-02
2.557005E-02
2.302546E-02
2.098648E-02
1.900335E-02
1.729025E-02
1.575772E-02
1.429018E-02
1.312236E-02
1.198115E-02
1.098025E-02
1.014328E-02
9.202392E-03
8.600900E-03
7.817877E-03
7.303069E-03
6.651917E-03
6.208632E-03
5.665332E-03
5.284016E-03
4.829408E-03
4.501629E-03
4.120288E-03
3.857275E-03
3.530866E-03
3.317635E-03
3.042074E-03
2.854781E-03
2.621624E-03
2.457515E-03
2.259838E-03
2.116335E-03
1.953030E-03
1.828787E-03
1.689662E-03
1.582488E-03
1.461960E-03
1.369492E-03
1.265057E-03
1.185265E-03
1.095508E-03
1.025898E-03
9.489755E-04
8.880186E-04
8.220194E-04
7.687175E-04
7.120319E-04
6.654815E-04
6.167503E-04
5.761399E-04
5.342125E-04
4.988170E-04
4.627172E-04
4.318917E-04
4.007892E-04
3.739624E-04
3.471498E-04
3.238171E-04
3.006907E-04
2.805486E-04
2.606607E-04
2.431438E-04
2.261067E-04
2.107307E-04
1.961295E-04
1.826426E-04
1.701240E-04
1.583016E-04
1.475646E-04
1.372816E-04
1.279954E-04
1.190907E-04
1.110204E-04
1.033080E-04
9.629617E-05
8.961537E-05
8.352445E-05
7.773650E-05
7.244654E-05
6.743151E-05
6.283796E-05
5.849215E-05
5.450391E-05
5.073766E-05
4.727539E-05
4.401113E-05
4.100581E-05
3.817639E-05
3.556795E-05
3.311528E-05
3.085151E-05
2.872528E-05
2.676076E-05
2.491741E-05
2.321269E-05
2.161450E-05
2.013529E-05
1.874959E-05
1.746612E-05
1.626459E-05
1.515100E-05
1.410912E-05
1.314295E-05
1.223947E-05
1.140122E-05
1.061773E-05
9.890476E-06
9.211009E-06
8.580064E-06
7.990789E-06
7.443405E-06
6.932333E-06
6.457444E-06
6.014183E-06
5.602190E-06
5.217729E-06
4.860302E-06
4.526832E-06
4.216741E-06
3.928295E-06
3.660213E-06
3.410755E-06
3.178009E-06
2.961398E-06
2.759330E-06
2.571244E-06
2.395810E-06
2.232494E-06
2.080182E-06
1.938377E-06
1.806139E-06
1.683011E-06
1.568201E-06
1.461291E-06
1.361612E-06
1.268785E-06
1.182242E-06
1.101643E-06
1.026505E-06
9.565225E-07
8.912858E-07
8.305225E-07
7.738821E-07
7.211232E-07
6.719462E-07
6.261372E-07
5.834399E-07
5.436654E-07
5.065938E-07
4.720587E-07
4.398713E-07
4.098854E-07
3.819387E-07
3.559027E-07
3.316378E-07
3.090312E-07
2.879629E-07
2.683341E-07
2.500411E-07
2.329977E-07
2.171144E-07
2.023158E-07
1.885247E-07
1.756752E-07
1.637007E-07
1.525435E-07
1.421461E-07
1.324583E-07
1.234303E-07
1.150183E-07
1.071793E-07
9.987515E-08
9.306850E-08
8.672619E-08
8.081590E-08
7.530875E-08
7.017675E-08
6.539477E-08
6.093855E-08
5.678622E-08
5.291676E-08
4.931116E-08
4.595119E-08
4.282031E-08
3.990273E-08
3.718405E-08
3.465059E-08
3.228984E-08
3.008992E-08
2.803996E-08
2.612965E-08
2.434955E-08
2.269072E-08
2.114495E-08
1.970449E-08
1.836220E-08
1.711135E-08
1.594574E-08
1.485954E-08
1.384735E-08
1.290412E-08
1.202516E-08
1.120608E-08
1.044280E-08
9.731523E-09
9.068704E-09
8.451035E-09
7.875448E-09
7.339068E-09
6.839230E-09
6.373438E-09
5.939378E-09
5.534884E-09
5.157944E-09
4.806678E-09
4.479339E-09
4.174296E-09
3.890031E-09
3.625127E-09
3.378267E-09
3.148219E-09
2.933840E-09
2.734061E-09
2.547889E-09
2.374396E-09
2.212719E-09
2.062052E-09
1.921647E-09
1.790803E-09
1.668869E-09
1.555240E-09
1.449348E-09
1.350667E-09
1.258706E-09
1.173008E-09
1.093145E-09
1.018720E-09
9.493629E-10
8.847285E-10
8.244951E-10
7.683633E-10
7.160534E-10
6.673052E-10
6.218762E-10
5.795403E-10
5.400871E-10
5.033201E-10
4.690563E-10
4.371252E-10
4.073683E-10
3.796371E-10
3.537940E-10
3.297105E-10
3.072664E-10
2.863504E-10
2.668583E-10
2.486933E-10
2.317648E-10
2.159890E-10
2.012869E-10
1.875857E-10
1.748173E-10
1.629180E-10
1.518288E-10
1.414945E-10
1.318636E-10
1.228885E-10
1.145241E-10
1.067292E-10
9.946488E-11
