291
2.055220E+00
6.064706E-01
3.881412E-01
2.407490E-01
1.766460E-01
1.332779E-01
1.079374E-01
8.882863E-02
8.037381E-02
6.978850E-02
6.326975E-02
5.589822E-02
5.069884E-02
4.542174E-02
4.122561E-02
3.729642E-02
3.426534E-02
3.085948E-02
2.867093E-02
2.567980E-02
2.410568E-02
2.154695E-02
2.033999E-02
1.836188E-02
1.720978E-02
1.565498E-02
1.459308E-02
1.335395E-02
1.244839E-02
1.139726E-02
1.067254E-02
9.732629E-03
9.154247E-03
8.343177E-03
7.855349E-03
7.169256E-03
6.743509E-03
6.167295E-03
5.791274E-03
5.306455E-03
4.975320E-03
4.566337E-03
4.275808E-03
3.929992E-03
3.675849E-03
3.382832E-03
3.161057E-03
2.916525E-03
2.719163E-03
2.517410E-03
2.339700E-03
2.173212E-03
2.013732E-03
1.876319E-03
1.736970E-03
1.620187E-03
1.500639E-03
1.399186E-03
1.296541E-03
1.208468E-03
1.120271E-03
1.043862E-03
9.680290E-04
9.017733E-04
8.365334E-04
7.791074E-04
7.229508E-04
6.731962E-04
6.248352E-04
5.817407E-04
5.400753E-04
5.027590E-04
4.668483E-04
4.345424E-04
4.035806E-04
3.756173E-04
3.489138E-04
3.247130E-04
3.016754E-04
2.807331E-04
2.608528E-04
2.427320E-04
2.255720E-04
2.098936E-04
1.953366E-04
1.817183E-04
1.692154E-04
1.574291E-04
1.465911E-04
1.363895E-04
1.269954E-04
1.181645E-04
1.100225E-04
1.023774E-04
9.532108E-05
8.870206E-05
8.258679E-05
7.685568E-05
7.155616E-05
6.659347E-05
6.200099E-05
5.770341E-05
5.372370E-05
5.000182E-05
4.655315E-05
4.332964E-05
4.034116E-05
3.754912E-05
3.495941E-05
3.255881E-05
3.031851E-05
2.823822E-05
2.629573E-05
2.449138E-05
2.280706E-05
2.124206E-05
1.978157E-05
1.842417E-05
1.715772E-05
1.598040E-05
1.488218E-05
1.386104E-05
1.290868E-05
1.202299E-05
1.119711E-05
1.042890E-05
9.712669E-06
9.046363E-06
8.425206E-06
7.847273E-06
7.308559E-06
6.807272E-06
6.340046E-06
5.905234E-06
5.500000E-06
5.122841E-06
4.771364E-06
4.444210E-06
4.139350E-06
3.856743E-06
3.593730E-06
3.348547E-06
3.120185E-06
2.907315E-06
2.709041E-06
2.524226E-06
2.352076E-06
2.191619E-06
2.042152E-06
1.902843E-06
1.773070E-06
1.652121E-06
1.539448E-06
1.434439E-06
1.336614E-06
1.245444E-06
1.160509E-06
1.081354E-06
1.007610E-06
9.388872E-07
8.748608E-07
8.151941E-07
7.596043E-07
7.078003E-07
6.595353E-07
6.145578E-07
5.726523E-07
5.336015E-07
4.972174E-07
4.633122E-07
4.317219E-07
4.022841E-07
3.748559E-07
3.492968E-07
3.254822E-07
3.032905E-07
2.826133E-07
2.633453E-07
2.453921E-07
2.286625E-07
2.130744E-07
1.985487E-07
1.850140E-07
1.724017E-07
1.606499E-07
1.496990E-07
1.394951E-07
1.299867E-07
1.211267E-07
1.128707E-07
1.051777E-07
9.800910E-08
9.132932E-08
8.510481E-08
7.930475E-08
7.390000E-08
6.886377E-08
6.417078E-08
5.979775E-08
5.572277E-08
5.192560E-08
4.838721E-08
4.509004E-08
4.201757E-08
3.915455E-08
3.648663E-08
3.400057E-08
3.168393E-08
2.952518E-08
2.751355E-08
2.563902E-08
2.389222E-08
2.226448E-08
2.074764E-08
1.933418E-08
1.801703E-08
1.678964E-08
1.564588E-08
1.458006E-08
1.358686E-08
1.266133E-08
1.179886E-08
1.099516E-08
1.024621E-08
9.548291E-09
8.897919E-09
8.291859E-09
7.727086E-09
7.200790E-09
6.710347E-09
6.253316E-09
5.827419E-09
5.430534E-09
5.060685E-09
4.716030E-09
4.394852E-09
4.095552E-09
3.816639E-09
3.556724E-09
3.314513E-09
3.088799E-09
2.878459E-09
2.682445E-09
2.499781E-09
2.329559E-09
2.170930E-09
2.023104E-09
1.885346E-09
1.756970E-09
1.637337E-09
1.525851E-09
1.421957E-09
1.325139E-09
1.234914E-09
1.150832E-09
1.072477E-09
9.994574E-10
9.314101E-10
8.679966E-10
8.089008E-10
7.538293E-10
7.025077E-10
6.546805E-10
6.101101E-10
5.685742E-10
5.298665E-10
4.937944E-10
4.601785E-10
4.288512E-10
3.996569E-10
3.724501E-10
3.470957E-10
3.234676E-10
3.014482E-10
2.809277E-10
2.618044E-10
2.439832E-10
2.273749E-10
2.118975E-10
1.974737E-10
1.840318E-10
1.715051E-10
1.598311E-10
1.489520E-10
1.388132E-10
1.293646E-10
1.205593E-10
1.123535E-10
1.047062E-10
9.757950E-11
9.093792E-11
