293
2.895220E+00
9.264706E-01
5.929412E-01
3.557647E-01
2.618428E-01
1.897412E-01
1.532501E-01
1.210458E-01
1.043896E-01
8.803475E-02
8.102622E-02
7.068521E-02
6.550917E-02
5.757016E-02
5.348188E-02
4.768163E-02
4.399748E-02
3.974362E-02
3.674040E-02
3.328912E-02
3.091362E-02
2.798772E-02
2.608698E-02
2.359982E-02
2.206427E-02
2.000749E-02
1.869652E-02
1.704364E-02
1.586749E-02
1.454020E-02
1.348460E-02
1.241967E-02
1.148048E-02
1.061944E-02
9.836127E-03
9.088321E-03
8.431655E-03
7.784099E-03
7.231217E-03
6.671708E-03
6.204490E-03
5.721870E-03
5.325788E-03
4.910039E-03
4.573336E-03
4.215564E-03
3.928643E-03
3.621023E-03
3.376002E-03
3.111683E-03
2.902045E-03
2.680426E-03
2.495393E-03
2.311544E-03
2.146346E-03
1.993814E-03
1.846630E-03
1.720068E-03
1.592094E-03
1.484158E-03
1.374478E-03
1.280807E-03
1.186719E-03
1.105485E-03
1.024705E-03
9.542994E-04
8.848937E-04
8.239029E-04
7.642312E-04
7.114179E-04
6.600850E-04
6.143683E-04
5.701859E-04
5.306231E-04
4.925774E-04
4.583480E-04
4.255728E-04
3.959631E-04
3.677176E-04
3.421079E-04
3.177577E-04
2.956101E-04
2.746115E-04
2.554595E-04
2.373460E-04
2.207855E-04
2.051566E-04
1.908375E-04
1.773492E-04
1.649684E-04
1.533249E-04
1.426201E-04
1.325955E-04
1.233561E-04
1.148284E-04
1.068334E-04
9.944668E-05
9.252771E-05
8.612950E-05
8.014116E-05
7.459921E-05
6.941587E-05
6.461560E-05
6.012865E-05
5.597078E-05
5.209355E-05
4.849738E-05
4.515985E-05
4.204350E-05
3.915016E-05
3.644948E-05
3.394121E-05
3.160065E-05
2.942619E-05
2.739765E-05
2.551255E-05
2.375436E-05
2.212010E-05
2.059616E-05
1.917934E-05
1.785839E-05
1.663006E-05
1.548501E-05
1.442007E-05
1.342746E-05
1.250416E-05
1.164367E-05
1.084315E-05
1.009715E-05
9.403071E-06
8.756318E-06
8.154507E-06
7.593771E-06
7.071950E-06
6.585774E-06
6.133298E-06
5.711753E-06
5.319397E-06
4.953877E-06
4.613643E-06
4.296692E-06
4.001647E-06
3.726801E-06
3.470936E-06
3.232593E-06
3.010699E-06
2.804005E-06
2.611565E-06
2.432311E-06
2.265411E-06
2.109949E-06
1.965196E-06
1.830787E-06
1.705834E-06
1.589428E-06
1.480953E-06
1.379898E-06
1.285728E-06
1.197998E-06
1.116247E-06
1.040084E-06
9.691128E-07
9.029920E-07
8.413791E-07
7.839761E-07
7.304870E-07
6.806520E-07
6.342151E-07
5.909500E-07
5.506353E-07
5.130738E-07
4.780738E-07
4.454637E-07
4.150775E-07
3.867660E-07
3.603852E-07
3.358054E-07
3.129018E-07
2.915617E-07
2.716769E-07
2.531493E-07
2.358852E-07
2.197993E-07
2.048104E-07
1.908443E-07
1.778307E-07
1.657050E-07
1.544062E-07
1.438783E-07
1.340683E-07
1.249275E-07
1.164101E-07
1.084737E-07
1.010784E-07
9.418760E-08
8.776663E-08
8.178360E-08
7.620852E-08
7.101366E-08
6.617299E-08
6.166243E-08
5.745939E-08
5.354296E-08
4.989354E-08
4.649295E-08
4.332420E-08
4.037149E-08
3.762007E-08
3.505624E-08
3.266718E-08
3.044098E-08
2.836654E-08
2.643351E-08
2.463224E-08
2.295375E-08
2.138967E-08
1.993220E-08
1.857406E-08
1.730850E-08
1.612918E-08
1.503025E-08
1.400620E-08
1.305195E-08
1.216272E-08
1.133410E-08
1.056194E-08
9.842401E-09
9.171893E-09
8.547075E-09
7.964831E-09
7.422262E-09
6.916661E-09
6.445510E-09
6.006460E-09
5.597324E-09
5.216063E-09
4.860778E-09
4.529698E-09
4.221174E-09
3.933669E-09
3.665750E-09
3.416082E-09
3.183423E-09
2.966613E-09
2.764571E-09
2.576293E-09
2.400840E-09
2.237338E-09
2.084973E-09
1.942986E-09
1.810671E-09
1.687368E-09
1.572463E-09
1.465384E-09
1.365599E-09
1.272609E-09
1.185953E-09
1.105198E-09
1.029943E-09
9.598137E-10
8.944600E-10
8.335569E-10
7.768014E-10
7.239110E-10
6.746224E-10
6.286902E-10
5.858857E-10
5.459961E-10
5.088228E-10
4.741807E-10
4.418975E-10
4.118126E-10
3.837759E-10
3.576486E-10
3.333003E-10
3.106098E-10
2.894641E-10
2.697581E-10
2.513941E-10
2.342802E-10
2.183316E-10
2.034687E-10
1.896180E-10
1.767102E-10
1.646809E-10
1.534709E-10
1.430239E-10
1.332883E-10
1.242153E-10
1.157600E-10
1.078804E-10
1.005371E-10
9.369372E-11
