20 20 10
1.000000E-09 1.000000E-09 1.000000E-09
0.000000E+00
0.000000E+00
0.000000E+00
0.000000E+00
0.000000E+00
0.000000E+00
0.000000E+00
0.000000E+00
0.000000E+00
0.000000E+00
0.000000E+00
0.000000E+00
0.000000E+00
0.000000E+00
0.000000E+00
0.000000E+00
0.000000E+00
0.000000E+00
0.000000E+00
0.000000E+00
0.000000E+00
0.000000E+00
0.000000E+00
0.000000E+00
0.000000E+00
0.000000E+00
0.000000E+00
0.000000E+00
0.000000E+00
0.000000E+00
0.000000E+00
0.000000E+00
0.000000E+00
0.000000E+00
0.000000E+00
0.000000E+00
0.000000E+00
0.000000E+00
0.000000E+00
0.000000E+00
0.000000E+00
0.000000E+00
0.000000E+00
0.000000E+00
0.000000E+00
0.000000E+00
0.000000E+00
0.000000E+00
0.000000E+00
0.000000E+00
0.000000E+00
0.000000E+00
0.000000E+00
0.000000E+00
0.000000E+00
0.000000E+00
0.000000E+00
0.000000E+00
0.000000E+00
0.000000E+00
0.000000E+00
0.000000E+00
0.000000E+00
0.000000E+00
0.000000E+00
0.000000E+00
0.000000E+00
0.000000E+00
0.000000E+00
0.000000E+00
0.000000E+00
0.000000E+00
0.000000E+00
0.000000E+00
0.000000E+00
0.000000E+00
0.000000E+00
0.000000E+00
0.000000E+00
0.000000E+00
0.000000E+00
0.000000E+00
0.000000E+00
0.000000E+00
0.000000E+00
0.000000E+00
0.000000E+00
0.000000E+00
0.000000E+00
0.000000E+00
0.000000E+00
0.000000E+00
0.000000E+00
0.000000E+00
0.000000E+00
0.000000E+00
0.000000E+00
0.000000E+00
0.000000E+00
0.000000E+00
0.000000E+00
0.000000E+00
0.000000E+00
0.000000E+00
0.000000E+00
0.000000E+00
0.000000E+00
0.000000E+00
0.000000E+00
0.000000E+00
0.000000E+00
0.000000E+00
0.000000E+00
0.000000E+00
0.000000E+00
0.000000E+00
0.000000E+00
0.000000E+00
0.000000E+00
0.000000E+00
0.000000E+00
0.000000E+00
0.000000E+00
0.000000E+00
0.000000E+00
0.000000E+00
0.000000E+00
0.000000E+00
0.000000E+00
0.000000E+00
0.000000E+00
0.000000E+00
0.000000E+00
0.000000E+00
0.000000E+00
0.000000E+00
0.000000E+00
0.000000E+00
0.000000E+00
0.000000E+00
0.000000E+00
0.000000E+00
0.000000E+00
0.000000E+00
0.000000E+00
0.000000E+00
0.000000E+00
0.000000E+00
0.000000E+00
0.000000E+00
0.000000E+00
0.000000E+00
0.000000E+00
0.000000E+00
0.000000E+00
0.000000E+00
0.000000E+00
0.000000E+00
0.000000E+00
0.000000E+00
0.000000E+00
0.000000E+00
0.000000E+00
0.000000E+00
0.000000E+00
0.000000E+00
0.000000E+00
0.000000E+00
0.000000E+00
0.000000E+00
0.000000E+00
0.000000E+00
0.000000E+00
0.000000E+00
0.000000E+00
0.000000E+00
0.000000E+00
0.000000E+00
0.000000E+00
0.000000E+00
0.000000E+00
0.000000E+00
0.000000E+00
0.000000E+00
0.000000E+00
0.000000E+00
0.000000E+00
0.000000E+00
0.000000E+00
0.000000E+00
0.000000E+00
0.000000E+00
0.000000E+00
0.000000E+00
0.000000E+00
0.000000E+00
0.000000E+00
0.000000E+00
0.000000E+00
0.000000E+00
0.000000E+00
0.000000E+00
0.000000E+00
0.000000E+00
0.000000E+00
0.000000E+00
0.000000E+00
0.000000E+00
0.000000E+00
0.000000E+00
0.000000E+00
0.000000E+00
0.000000E+00
0.000000E+00
0.000000E+00
0.000000E+00
0.000000E+00
0.000000E+00
0.000000E+00
0.000000E+00
0.000000E+00
0.000000E+00
0.000000E+00
0.000000E+00
0.000000E+00
0.000000E+00
0.000000E+00
0.000000E+00
0.000000E+00
0.000000E+00
0.000000E+00
0.000000E+00
0.000000E+00
0.000000E+00
0.000000E+00
0.000000E+00
0.000000E+00
0.000000E+00
0.000000E+00
0.000000E+00
0.000000E+00
0.000000E+00
0.000000E+00
0.000000E+00
0.000000E+00
0.000000E+00
0.000000E+00
0.000000E+00
0.000000E+00
0.000000E+00
0.000000E+00
0.000000E+00
0.000000E+00
0.000000E+00
0.000000E+00
0.000000E+00
0.000000E+00
0.000000E+00
0.000000E+00
0.000000E+00
0.000000E+00
0.000000E+00
0.000000E+00
0.000000E+00
0.000000E+00
0.000000E+00
0.000000E+00
0.000000E+00
0.000000E+00
0.000000E+00
0.000000E+00
0.000000E+00
0.000000E+00
0.000000E+00
0.000000E+00
0.000000E+00
0.000000E+00
0.000000E+00
0.000000E+00
0.000000E+00
0.000000E+00
0.000000E+00
0.000000E+00
0.000000E+00
0.000000E+00
0.000000E+00
0.000000E+00
0.000000E+00
0.000000E+00
0.000000E+00
0.000000E+00
0.000000E+00
0.000000E+00
0.000000E+00
0.000000E+00
0.000000E+00
0.000000E+00
0.000000E+00
0.000000E+00
0.000000E+00
0.000000E+00
0.000000E+00
0.000000E+00
0.000000E+00
0.000000E+00
0.000000E+00
0.000000E+00
0.000000E+00
0.000000E+00
0.000000E+00
0.000000E+00
0.000000E+00
0.000000E+00
0.000000E+00
0.000000E+00
0.000000E+00
0.000000E+00
0.000000E+00
0.000000E+00
0.000000E+00
0.000000E+00
0.000000E+00
0.000000E+00
0.000000E+00
0.000000E+00
0.000000E+00
0.000000E+00
0.000000E+00
0.000000E+00
0.000000E+00
0.000000E+00
0.000000E+00
0.000000E+00
0.000000E+00
0.000000E+00
0.000000E+00
0.000000E+00
0.000000E+00
0.000000E+00
0.000000E+00
0.000000E+00
0.000000E+00
0.000000E+00
0.000000E+00
0.000000E+00
0.000000E+00
0.000000E+00
0.000000E+00
0.000000E+00
0.000000E+00
0.000000E+00
0.000000E+00
0.000000E+00
0.000000E+00
0.000000E+00
0.000000E+00
0.000000E+00
0.000000E+00
0.000000E+00
0.000000E+00
0.000000E+00
0.000000E+00
0.000000E+00
0.000000E+00
0.000000E+00
0.000000E+00
0.000000E+00
0.000000E+00
0.000000E+00
0.000000E+00
0.000000E+00
0.000000E+00
0.000000E+00
0.000000E+00
0.000000E+00
0.000000E+00
0.000000E+00
0.000000E+00
0.000000E+00
0.000000E+00
0.000000E+00
0.000000E+00
0.000000E+00
0.000000E+00
0.000000E+00
0.000000E+00
0.000000E+00
0.000000E+00
0.000000E+00
0.000000E+00
0.000000E+00
0.000000E+00
0.000000E+00
0.000000E+00
0.000000E+00
0.000000E+00
0.000000E+00
0.000000E+00
0.000000E+00
0.000000E+00
0.000000E+00
0.000000E+00
0.000000E+00
0.000000E+00
0.000000E+00
0.000000E+00
0.000000E+00
0.000000E+00
0.000000E+00
0.000000E+00
0.000000E+00
0.000000E+00
0.000000E+00
0.000000E+00
0.000000E+00
0.000000E+00
0.000000E+00
0.000000E+00
0.000000E+00
0.000000E+00
0.000000E+00
4.292420E-02
8.649337E-02
1.215986E-01
1.485071E-01
1.005864E-01
5.484776E-02
2.935370E-02
2.022661E-02
2.505715E-02
5.106445E-02
1.262080E-01
3.238584E-01
7.356310E-01
2.965980E-01
1.057716E-01
4.265458E-02
2.217428E-02
1.173174E-02
0.000000E+00
0.000000E+00
7.899498E-02
1.716597E-01
2.775846E-01
4.106472E-01
2.438596E-01
1.190275E-01
5.924119E-02
3.895240E-02
4.626821E-02
8.847120E-02
1.919006E-01
3.706759E-01
4.381287E-01
2.407462E-01
1.148143E-01
6.148807E-02
4.098423E-02
2.552244E-02
0.000000E+00
0.000000E+00
8.736072E-02
2.085818E-01
4.366093E-01
8.918779E-01
4.142616E-01
1.762057E-01
8.301325E-02
5.453713E-02
6.802133E-02
1.443514E-01
3.668026E-01
8.485115E-01
4.507224E-01
2.170838E-01
1.130143E-01
7.401311E-02
6.080340E-02
4.432396E-02
0.000000E+00
0.000000E+00
7.324449E-02
1.593627E-01
2.854521E-01
4.395460E-01
2.832471E-01
1.542425E-01
8.629689E-02
6.312808E-02
8.594430E-02
2.183649E-01
7.913317E-01
3.567649E+00
8.238177E-01
2.575666E-01
1.204878E-01
8.604408E-02
7.852039E-02
6.289644E-02
0.000000E+00
0.000000E+00
7.180760E-02
1.260274E-01
1.853535E-01
2.421304E-01
2.093710E-01
1.422295E-01
9.001835E-02
6.603861E-02
7.560282E-02
1.433258E-01
3.478325E-01
7.970767E-01
3.678701E-01
1.756066E-01
1.121417E-01
9.376999E-02
8.201592E-02
5.674962E-02
0.000000E+00
0.000000E+00
1.200757E-01
1.461478E-01
1.682200E-01
2.102142E-01
2.324927E-01
1.668210E-01
1.044074E-01
7.125783E-02
6.653786E-02
9.119598E-02
1.536381E-01
2.394205E-01
1.764286E-01
1.345505E-01
1.242788E-01
1.222179E-01
9.795635E-02
5.668837E-02
0.000000E+00
0.000000E+00
2.967004E-01
2.355910E-01
1.968710E-01
2.339399E-01
3.025291E-01
2.006803E-01
1.183948E-01
7.809679E-02
6.719799E-02
7.554682E-02
9.797186E-02
1.259781E-01
1.336017E-01
1.509745E-01
1.858228E-01
2.146083E-01
1.536106E-01
7.615165E-02
0.000000E+00
0.000000E+00
7.157740E-01
3.633780E-01
2.067301E-01
1.864880E-01
2.060176E-01
1.540380E-01
1.053050E-01
8.171044E-02
7.874874E-02
8.750580E-02
1.016114E-01
1.242889E-01
1.590304E-01
2.211843E-01
3.291035E-01
4.613524E-01
2.788375E-01
1.194935E-01
0.000000E+00
0.000000E+00
2.855471E-01
2.080110E-01
1.392708E-01
1.214750E-01
1.235682E-01
1.064392E-01
9.213881E-02
9.363682E-02
1.104554E-01
1.318890E-01
1.422841E-01
1.657570E-01
2.216256E-01
3.295553E-01
5.410584E-01
9.690440E-01
4.567600E-01
1.714890E-01
0.000000E+00
0.000000E+00
9.885845E-02
9.748483E-02
8.052176E-02
7.558771E-02
7.901919E-02
8.222180E-02
9.465927E-02
1.270370E-01
1.830528E-01
2.407217E-01
2.264405E-01
2.339505E-01
2.995814E-01
4.119413E-01
4.960343E-01
5.793824E-01
3.602805E-01
1.681439E-01
0.000000E+00
0.000000E+00
3.759460E-02
4.827421E-02
4.937939E-02
5.268452E-02
6.158481E-02
7.881991E-02
1.154031E-01
1.906893E-01
3.284911E-01
5.002938E-01
3.743876E-01
3.170035E-01
3.806413E-01
5.273277E-01
5.304501E-01
4.722713E-01
3.616018E-01
2.220710E-01
0.000000E+00
0.000000E+00
2.095584E-02
3.311085E-02
3.958723E-02
4.671118E-02
6.037426E-02
8.841324E-02
1.470406E-01
2.711821E-01
5.353268E-01
1.014933E+00
5.571594E-01
3.654881E-01
3.692871E-01
4.812001E-01
5.747429E-01
5.447796E-01
5.791285E-01
4.633973E-01
0.000000E+00
0.000000E+00
2.207311E-02
3.710450E-02
4.472910E-02
5.232112E-02
6.861244E-02
1.040726E-01
1.753114E-01
3.050109E-01
4.951586E-01
6.315154E-01
4.435188E-01
3.203077E-01
3.062088E-01
3.773557E-01
5.078492E-01
7.500833E-01
1.356995E+00
1.111287E+00
0.000000E+00
0.000000E+00
3.609207E-02
5.729365E-02
6.228585E-02
6.615645E-02
8.258668E-02
1.253944E-01
2.179728E-01
3.945012E-01
6.296881E-01
5.440145E-01
3.810253E-01
2.778486E-01
2.546517E-01
3.121787E-01
5.167006E-01
1.270398E+00
4.487871E+00
1.277394E+00
0.000000E+00
0.000000E+00
7.185719E-02
9.799141E-02
9.055591E-02
8.368972E-02
9.597324E-02
1.422355E-01
2.573559E-01
5.298557E-01
1.051889E+00
6.232153E-01
3.678952E-01
2.527189E-01
2.264443E-01
2.724897E-01
4.534477E-01
1.189733E+00
4.361498E+00
1.082957E+00
0.000000E+00
0.000000E+00
1.790507E-01
1.700598E-01
1.229144E-01
9.581964E-02
9.811769E-02
1.311693E-01
2.062755E-01
3.524825E-01
5.398862E-01
4.057434E-01
2.776944E-01
2.172633E-01
2.227952E-01
2.720323E-01
3.164559E-01
5.196215E-01
9.902672E-01
4.081936E-01
0.000000E+00
0.000000E+00
6.469273E-01
3.102221E-01
1.472820E-01
9.115219E-02
8.334934E-02
1.012513E-01
1.369188E-01
1.965603E-01
2.558290E-01
2.248275E-01
1.843886E-01
1.863340E-01
2.651961E-01
4.055649E-01
2.892378E-01
2.507169E-01
2.801249E-01
1.412127E-01
0.000000E+00
0.000000E+00
3.206239E+00
6.408948E-01
1.626948E-01
6.565182E-02
4.914145E-02
5.454990E-02
6.754643E-02
8.753955E-02
1.054505E-01
1.017348E-01
9.988309E-02
1.419458E-01
3.142439E-01
7.361527E-01
3.167084E-01
1.469156E-01
9.595093E-02
4.736886E-02
0.000000E+00
0.000000E+00
0.000000E+00
0.000000E+00
0.000000E+00
0.000000E+00
0.000000E+00
0.000000E+00
0.000000E+00
0.000000E+00
0.000000E+00
0.000000E+00
0.000000E+00
0.000000E+00
0.000000E+00
0.000000E+00
0.000000E+00
0.000000E+00
0.000000E+00
0.000000E+00
0.000000E+00
0.000000E+00
0.000000E+00
0.000000E+00
0.000000E+00
0.000000E+00
0.000000E+00
0.000000E+00
0.000000E+00
0.000000E+00
0.000000E+00
0.000000E+00
0.000000E+00
0.000000E+00
0.000000E+00
0.000000E+00
0.000000E+00
0.000000E+00
0.000000E+00
0.000000E+00
0.000000E+00
0.000000E+00
1.027879E-01
2.044010E-01
2.474065E-01
2.953370E-01
1.814506E-01
9.383090E-02
4.914506E-02
3.305308E-02
3.904790E-02
7.941645E-02
2.219767E-01
7.915999E-01
3.539109E+00
7.715889E-01
2.070055E-01
7.715720E-02
4.321868E-02
2.562665E-02
0.000000E+00
0.000000E+00
1.917740E-01
4.212186E-01
5.943887E-01
1.004716E+00
4.795999E-01
2.097674E-01
9.991060E-02
6.317937E-02
6.867426E-02
1.193604E-01
2.472212E-01
5.143250E-01
9.405291E-01
4.380390E-01
1.965689E-01
1.118342E-01
8.616325E-02
6.247532E-02
0.000000E+00
0.000000E+00
1.851833E-01
4.486436E-01
1.065312E+00
3.873173E+00
9.939447E-01
3.307411E-01
1.425519E-01
8.774199E-02
9.403230E-02
1.605361E-01
3.164209E-01
5.473471E-01
4.894731E-01
2.947244E-01
1.799406E-01
1.412321E-01
1.421796E-01
1.278025E-01
0.000000E+00
0.000000E+00
1.392471E-01
3.027109E-01
5.632043E-01
1.044455E+00
5.528731E-01
2.760365E-01
1.489533E-01
1.017336E-01
1.120348E-01
1.998272E-01
4.451746E-01
9.419390E-01
5.050528E-01
2.727955E-01
1.842818E-01
1.709843E-01
1.989926E-01
2.135088E-01
0.000000E+00
0.000000E+00
1.294499E-01
2.249995E-01
3.366296E-01
4.688302E-01
4.084693E-01
2.684813E-01
1.636423E-01
1.127343E-01
1.106710E-01
1.627902E-01
2.885805E-01
4.589579E-01
3.262584E-01
2.254126E-01
1.867422E-01
1.836429E-01
1.856032E-01
1.530844E-01
0.000000E+00
0.000000E+00
2.358174E-01
2.635099E-01
3.127883E-01
4.370555E-01
5.641443E-01
3.628214E-01
2.060543E-01
1.302807E-01
1.106070E-01
1.309263E-01
1.838171E-01
2.432566E-01
2.272359E-01
2.136519E-01
2.220099E-01
2.332483E-01
1.976945E-01
1.234447E-01
0.000000E+00
0.000000E+00
7.829369E-01
4.693468E-01
3.859626E-01
5.660223E-01
1.017677E+00
5.124689E-01
2.514781E-01
1.495439E-01
1.210572E-01
1.282960E-01
1.555498E-01
1.920799E-01
2.225992E-01
2.684314E-01
3.424276E-01
4.182979E-01
2.925124E-01
1.461554E-01
0.000000E+00
0.000000E+00
3.527962E+00
9.050061E-01
4.060555E-01
3.973871E-01
5.209866E-01
3.442952E-01
2.118744E-01
1.549029E-01
1.453100E-01
1.591152E-01
1.830208E-01
2.244285E-01
2.932396E-01
4.137384E-01
6.474790E-01
1.091859E+00
5.515179E-01
2.203562E-01
0.000000E+00
0.000000E+00
7.620258E-01
4.143879E-01
2.537047E-01
2.343040E-01
2.593506E-01
2.132781E-01
1.758273E-01
1.738885E-01
2.030190E-01
2.433395E-01
2.635776E-01
3.138321E-01
4.312361E-01
6.639109E-01
1.257878E+00
4.017972E+00
1.075099E+00
3.274089E-01
0.000000E+00
0.000000E+00
1.972388E-01
1.736148E-01
1.415382E-01
1.387228E-01
1.509074E-01
1.549487E-01
1.748198E-01
2.319430E-01
3.373746E-01
4.628345E-01
4.239090E-01
4.534086E-01
6.242252E-01
9.221342E-01
1.037382E+00
1.323510E+00
6.858651E-01
2.970589E-01
0.000000E+00
0.000000E+00
6.687775E-02
8.414411E-02
8.755349E-02
9.601517E-02
1.140072E-01
1.450015E-01
2.100602E-01
3.496948E-01
6.437066E-01
1.168303E+00
7.390252E-01
6.268042E-01
8.658081E-01
1.491565E+00
1.244937E+00
9.354818E-01
6.262598E-01
3.948010E-01
0.000000E+00
0.000000E+00
3.819542E-02
6.102107E-02
7.348963E-02
8.697777E-02
1.120174E-01
1.622754E-01
2.686940E-01
5.168205E-01
1.236028E+00
4.119034E+00
1.283919E+00
7.205429E-01
7.745062E-01
1.158787E+00
1.527864E+00
1.028647E+00
8.927793E-01
9.837471E-01
0.000000E+00
0.000000E+00
4.380452E-02
7.469643E-02
8.825819E-02
1.007978E-01
1.294731E-01
1.927223E-01
3.215994E-01
5.701649E-01
9.932000E-01
1.449347E+00
8.819848E-01
6.088590E-01
5.922026E-01
7.510366E-01
9.551747E-01
1.007999E+00
1.552849E+00
3.847756E+00
0.000000E+00
0.000000E+00
7.435148E-02
1.246115E-01
1.305514E-01
1.325944E-01
1.600302E-01
2.368472E-01
4.097671E-01
7.831049E-01
1.449987E+00
1.134647E+00
7.481311E-01
5.278500E-01
4.688929E-01
5.299191E-01
6.855051E-01
9.956009E-01
1.687779E+00
1.301599E+00
0.000000E+00
0.000000E+00
1.359733E-01
2.226798E-01
1.990930E-01
1.745555E-01
1.932032E-01
2.790788E-01
5.121347E-01
1.255369E+00
4.251661E+00
1.525554E+00
7.646910E-01
4.900418E-01
4.126213E-01
4.389575E-01
5.386685E-01
8.308680E-01
1.413404E+00
7.213986E-01
0.000000E+00
0.000000E+00
2.302224E-01
3.526950E-01
2.644977E-01
2.029987E-01
2.069241E-01
2.719280E-01
4.112953E-01
7.304382E-01
1.308345E+00
8.702732E-01
5.602993E-01
4.183530E-01
4.115338E-01
4.828962E-01
4.435099E-01
5.004611E-01
6.197326E-01
3.367724E-01
0.000000E+00
0.000000E+00
3.477840E-01
3.337243E-01
2.335292E-01
1.775984E-01
1.812707E-01
2.268334E-01
2.841092E-01
3.957318E-01
5.322070E-01
4.574757E-01
3.636900E-01
3.557938E-01
5.285376E-01
9.721616E-01
5.182903E-01
3.310805E-01
2.726328E-01
1.468918E-01
0.000000E+00
0.000000E+00
6.560437E-01
3.264364E-01
1.630139E-01
1.073354E-01
1.035830E-01
1.229977E-01
1.431569E-01
1.775649E-01
2.139625E-01
2.056814E-01
1.962001E-01
2.867000E-01
8.207299E-01
3.564437E+00
8.071215E-01
2.548462E-01
1.252840E-01
5.889179E-02
0.000000E+00
0.000000E+00
0.000000E+00
0.000000E+00
0.000000E+00
0.000000E+00
0.000000E+00
0.000000E+00
0.000000E+00
0.000000E+00
0.000000E+00
0.000000E+00
0.000000E+00
0.000000E+00
0.000000E+00
0.000000E+00
0.000000E+00
0.000000E+00
0.000000E+00
0.000000E+00
0.000000E+00
0.000000E+00
0.000000E+00
0.000000E+00
0.000000E+00
0.000000E+00
0.000000E+00
0.000000E+00
0.000000E+00
0.000000E+00
0.000000E+00
0.000000E+00
0.000000E+00
0.000000E+00
0.000000E+00
0.000000E+00
0.000000E+00
0.000000E+00
0.000000E+00
0.000000E+00
0.000000E+00
0.000000E+00
2.033253E-01
4.195997E-01
3.305650E-01
2.637762E-01
1.647122E-01
9.123233E-02
5.100837E-02
3.498280E-02
3.784843E-02
6.490338E-02
1.429091E-01
3.482301E-01
7.849536E-01
3.416792E-01
1.426977E-01
7.751950E-02
5.899538E-02
4.274084E-02
0.000000E+00
0.000000E+00
4.104024E-01
1.021749E+00
6.986925E-01
6.263284E-01
3.637611E-01
1.879362E-01
1.005564E-01
6.653870E-02
6.732600E-02
1.016830E-01
1.811486E-01
3.171583E-01
4.592321E-01
2.935863E-01
1.769222E-01
1.363545E-01
1.378283E-01
1.253559E-01
0.000000E+00
0.000000E+00
2.903701E-01
6.210165E-01
7.421788E-01
1.111896E+00
5.615059E-01
2.686255E-01
1.405889E-01
9.235317E-02
9.069342E-02
1.293586E-01
2.105493E-01
3.102496E-01
3.208309E-01
2.446956E-01
1.948070E-01
2.037487E-01
2.736284E-01
3.362778E-01
0.000000E+00
0.000000E+00
1.797055E-01
3.564859E-01
4.854674E-01
6.302189E-01
4.493040E-01
2.699369E-01
1.606972E-01
1.112426E-01
1.080089E-01
1.500193E-01
2.442417E-01
3.629380E-01
3.022962E-01
2.379334E-01
2.208108E-01
2.744583E-01
4.529076E-01
7.916541E-01
0.000000E+00
0.000000E+00
1.371905E-01
2.479193E-01
3.487591E-01
4.614489E-01
4.892332E-01
3.248092E-01
1.965229E-01
1.322228E-01
1.179249E-01
1.441081E-01
2.050558E-01
2.713754E-01
2.545861E-01
2.337738E-01
2.396503E-01
2.774200E-01
3.445896E-01
3.774711E-01
0.000000E+00
0.000000E+00
1.778862E-01
2.578371E-01
3.635492E-01
6.095974E-01
1.067386E+00
5.496641E-01
2.752094E-01
1.640574E-01
1.318205E-01
1.415832E-01
1.769057E-01
2.188425E-01
2.380295E-01
2.576839E-01
2.872131E-01
3.139387E-01
3.028256E-01
2.179066E-01
0.000000E+00
0.000000E+00
3.635285E-01
3.604108E-01
4.611823E-01
1.065618E+00
3.894327E+00
1.025979E+00
3.734017E-01
1.988335E-01
1.556529E-01
1.596546E-01
1.870004E-01
2.286873E-01
2.766568E-01
3.343045E-01
3.981313E-01
4.397059E-01
3.609260E-01
2.010061E-01
0.000000E+00
0.000000E+00
7.888936E-01
4.751578E-01
3.890563E-01
5.698131E-01
1.031439E+00
5.391987E-01
2.924069E-01
2.058157E-01
1.913444E-01
2.069982E-01
2.395974E-01
2.962169E-01
3.817146E-01
4.916198E-01
6.117374E-01
7.275020E-01
4.883223E-01
2.326506E-01
0.000000E+00
0.000000E+00
3.375253E-01
2.875621E-01
2.500980E-01
2.937598E-01
3.778966E-01
2.921275E-01
2.329208E-01
2.274740E-01
2.585006E-01
3.004362E-01
3.409744E-01
4.230428E-01
5.783922E-01
7.949014E-01
9.539330E-01
1.299807E+00
6.798448E-01
2.823025E-01
0.000000E+00
0.000000E+00
1.313657E-01
1.502985E-01
1.504965E-01
1.686647E-01
1.971228E-01
2.022007E-01
2.251852E-01
2.868293E-01
3.840351E-01
4.790681E-01
5.041447E-01
6.110825E-01
9.292393E-01
1.534314E+00
1.239148E+00
1.015851E+00
6.044489E-01
2.803990E-01
0.000000E+00
0.000000E+00
6.081300E-02
8.855936E-02
1.026428E-01
1.201491E-01
1.470186E-01
1.861480E-01
2.592630E-01
3.923728E-01
6.032750E-01
8.370009E-01
7.415846E-01
8.217382E-01
1.513559E+00
4.603289E+00
2.258111E+00
1.151137E+00
6.435948E-01
3.383693E-01
0.000000E+00
0.000000E+00
4.606217E-02
7.774526E-02
9.591240E-02
1.145798E-01
1.470014E-01
2.073727E-01
3.215413E-01
5.343642E-01
9.170871E-01
1.496304E+00
1.006747E+00
8.438168E-01
1.134036E+00
2.216249E+00
4.586862E+00
1.520137E+00
8.092399E-01
5.496855E-01
0.000000E+00
0.000000E+00
6.446183E-02
1.120529E-01
1.273493E-01
1.403619E-01
1.750265E-01
2.502468E-01
3.933367E-01
6.437951E-01
1.006815E+00
1.298036E+00
9.786304E-01
7.624806E-01
7.917626E-01
1.080539E+00
1.489588E+00
1.017640E+00
9.119949E-01
1.003867E+00
0.000000E+00
0.000000E+00
1.242154E-01
2.192491E-01
2.091035E-01
1.966238E-01
2.254844E-01
3.133024E-01
4.893853E-01
8.146156E-01
1.270120E+00
1.374508E+00
9.856217E-01
7.052889E-01
6.133357E-01
6.554238E-01
7.483432E-01
7.399558E-01
7.972986E-01
6.006633E-01
0.000000E+00
0.000000E+00
2.507220E-01
4.813847E-01
3.614909E-01
2.793931E-01
2.909580E-01
3.878942E-01
5.879757E-01
1.038863E+00
1.886610E+00
1.890224E+00
1.087397E+00
6.865273E-01
5.430129E-01
5.068893E-01
5.143898E-01
5.550574E-01
6.124987E-01
3.740084E-01
0.000000E+00
0.000000E+00
4.233874E-01
9.831594E-01
5.418803E-01
3.493467E-01
3.457571E-01
4.442490E-01
5.657098E-01
8.420153E-01
1.252688E+00
1.181791E+00
8.071689E-01
5.797744E-01
5.068831E-01
4.799063E-01
4.151650E-01
3.830695E-01
3.597911E-01
2.086111E-01
0.000000E+00
0.000000E+00
3.067324E-01
5.151101E-01
3.734414E-01
2.937035E-01
3.346538E-01
4.561521E-01
4.617463E-01
5.524440E-01
6.949503E-01
6.625441E-01
5.189051E-01
4.400969E-01
4.779446E-01
5.762839E-01
3.962031E-01
2.723060E-01
2.008413E-01
1.085643E-01
0.000000E+00
0.000000E+00
2.198139E-01
2.465506E-01
1.888412E-01
1.609992E-01
1.866486E-01
2.406121E-01
2.425126E-01
2.693900E-01
3.163616E-01
3.161356E-01
2.702961E-01
2.772053E-01
4.356431E-01
8.464381E-01
3.902275E-01
1.823872E-01
1.007032E-01
4.852901E-02
0.000000E+00
0.000000E+00
0.000000E+00
0.000000E+00
0.000000E+00
0.000000E+00
0.000000E+00
0.000000E+00
0.000000E+00
0.000000E+00
0.000000E+00
0.000000E+00
0.000000E+00
0.000000E+00
0.000000E+00
0.000000E+00
0.000000E+00
0.000000E+00
0.000000E+00
0.000000E+00
0.000000E+00
0.000000E+00
0.000000E+00
0.000000E+00
0.000000E+00
0.000000E+00
0.000000E+00
0.000000E+00
0.000000E+00
0.000000E+00
0.000000E+00
0.000000E+00
0.000000E+00
0.000000E+00
0.000000E+00
0.000000E+00
0.000000E+00
0.000000E+00
0.000000E+00
0.000000E+00
0.000000E+00
0.000000E+00
3.379932E-01
8.624573E-01
4.365567E-01
2.316589E-01
1.292309E-01
7.271445E-02
4.288569E-02
3.019389E-02
3.029262E-02
4.378919E-02
7.692278E-02
1.398175E-01
2.177096E-01
1.426684E-01
8.873424E-02
6.929213E-02
6.741384E-02
5.715228E-02
0.000000E+00
0.000000E+00
8.577963E-01
3.815004E+00
1.051617E+00
4.717108E-01
2.534242E-01
1.406584E-01
8.249490E-02
5.746914E-02
5.534967E-02
7.342197E-02
1.126579E-01
1.690541E-01
2.131423E-01
1.743464E-01
1.417496E-01
1.443624E-01
1.809293E-01
2.041524E-01
0.000000E+00
0.000000E+00
4.185055E-01
1.021925E+00
6.562339E-01
5.159448E-01
3.218804E-01
1.882007E-01
1.138963E-01
8.040177E-02
7.575491E-02
9.500982E-02
1.345140E-01
1.802361E-01
1.992468E-01
1.874653E-01
1.914259E-01
2.529494E-01
4.372355E-01
7.832953E-01
0.000000E+00
0.000000E+00
1.998659E-01
3.912176E-01
3.933240E-01
3.862968E-01
3.043820E-01
2.076334E-01
1.371129E-01
1.002504E-01
9.314086E-02
1.120759E-01
1.527737E-01
1.982606E-01
2.080103E-01
2.127119E-01
2.489369E-01
3.894928E-01
9.473494E-01
3.567673E+00
0.000000E+00
0.000000E+00
1.224798E-01
2.242233E-01
2.847298E-01
3.374170E-01
3.462899E-01
2.562192E-01
1.716871E-01
1.239103E-01
1.101990E-01
1.233025E-01
1.563871E-01
1.957162E-01
2.194297E-01
2.458202E-01
2.918542E-01
3.775953E-01
5.574575E-01
8.519597E-01
0.000000E+00
0.000000E+00
1.174153E-01
1.982063E-01
2.820183E-01
4.149265E-01
5.641978E-01
3.791952E-01
2.303581E-01
1.569921E-01
1.340529E-01
1.414799E-01
1.693619E-01
2.095109E-01
2.526790E-01
3.035518E-01
3.636675E-01
4.217041E-01
4.576046E-01
3.571686E-01
0.000000E+00
0.000000E+00
1.619257E-01
2.255150E-01
3.177928E-01
5.591683E-01
1.036318E+00
5.433094E-01
2.898534E-01
1.942377E-01
1.701204E-01
1.783107E-01
2.083575E-01
2.584990E-01
3.237702E-01
3.968799E-01
4.729325E-01
5.293656E-01
5.314155E-01
2.986497E-01
0.000000E+00
0.000000E+00
2.264109E-01
2.388075E-01
2.692951E-01
3.840717E-01
5.442724E-01
3.837439E-01
2.643319E-01
2.213863E-01
2.236249E-01
2.435910E-01
2.832730E-01
3.538849E-01
4.495911E-01
5.362275E-01
6.046934E-01
6.154559E-01
4.995732E-01
2.620793E-01
0.000000E+00
0.000000E+00
1.396861E-01
1.697957E-01
1.885333E-01
2.352222E-01
2.880542E-01
2.603017E-01
2.427342E-01
2.637575E-01
3.093203E-01
3.488458E-01
4.002913E-01
5.035193E-01
6.548172E-01
7.459640E-01
7.586104E-01
7.286894E-01
4.990508E-01
2.440873E-01
0.000000E+00
0.000000E+00
7.516017E-02
1.077673E-01
1.273606E-01
1.539034E-01
1.853296E-01
2.082225E-01
2.513737E-01
3.316729E-01
4.351721E-01
5.057238E-01
5.542862E-01
6.876920E-01
9.461732E-01
1.100750E+00
9.450813E-01
7.310202E-01
4.722508E-01
2.303143E-01
0.000000E+00
0.000000E+00
4.721622E-02
7.785229E-02
9.884669E-02
1.220108E-01
1.544375E-01
2.025684E-01
2.850864E-01
4.189035E-01
5.962661E-01
7.427208E-01
7.262476E-01
7.990168E-01
1.105631E+00
1.661630E+00
1.287819E+00
8.214330E-01
4.930121E-01
2.463279E-01
0.000000E+00
0.000000E+00
4.667307E-02
8.229997E-02
1.036458E-01
1.257211E-01
1.627436E-01
2.288664E-01
3.466025E-01
5.481594E-01
8.550088E-01
1.173994E+00
9.479143E-01
8.283106E-01
9.478308E-01
1.288042E+00
1.560814E+00
9.073316E-01
5.395579E-01
3.003114E-01
0.000000E+00
0.000000E+00
7.675145E-02
1.368287E-01
1.502440E-01
1.628848E-01
2.013479E-01
2.822820E-01
4.317865E-01
7.044231E-01
1.170353E+00
1.807124E+00
1.181570E+00
8.371459E-01
7.659220E-01
8.493117E-01
9.213633E-01
6.905727E-01
5.190748E-01
3.640664E-01
0.000000E+00
0.000000E+00
1.675620E-01
3.189387E-01
2.716323E-01
2.419612E-01
2.733365E-01
3.682821E-01
5.396606E-01
8.660793E-01
1.405714E+00
2.012024E+00
1.266180E+00
8.322406E-01
6.689672E-01
6.173720E-01
5.922832E-01
5.107838E-01
4.302242E-01
2.773734E-01
0.000000E+00
0.000000E+00
4.020514E-01
9.713535E-01
5.484637E-01
3.732318E-01
3.867555E-01
5.087748E-01
6.808606E-01
1.106310E+00
2.087757E+00
4.758040E+00
1.662001E+00
8.852803E-01
6.675738E-01
5.363679E-01
4.508125E-01
3.883272E-01
3.285570E-01
1.943811E-01
0.000000E+00
0.000000E+00
8.753348E-01
3.830289E+00
1.054816E+00
5.196840E-01
5.348503E-01
7.491154E-01
7.884046E-01
1.122453E+00
1.915586E+00
1.903294E+00
1.116639E+00
7.645607E-01
6.758475E-01
5.112969E-01
3.777029E-01
2.914035E-01
2.239412E-01
1.246833E-01
0.000000E+00
0.000000E+00
4.109823E-01
9.758299E-01
5.609442E-01
4.396074E-01
6.280542E-01
1.142856E+00
7.849865E-01
7.889414E-01
1.027195E+00
9.716435E-01
6.993611E-01
5.409825E-01
4.997090E-01
4.291206E-01
3.039967E-01
2.083308E-01
1.412609E-01
7.365343E-02
0.000000E+00
0.000000E+00
1.645099E-01
2.907399E-01
2.362526E-01
2.297164E-01
3.267058E-01
4.955145E-01
4.007986E-01
3.948046E-01
4.828215E-01
5.209645E-01
3.809047E-01
2.997968E-01
3.004516E-01
3.236465E-01
2.067720E-01
1.218371E-01
7.235368E-02
3.514699E-02
0.000000E+00
0.000000E+00
0.000000E+00
0.000000E+00
0.000000E+00
0.000000E+00
0.000000E+00
0.000000E+00
0.000000E+00
0.000000E+00
0.000000E+00
0.000000E+00
0.000000E+00
0.000000E+00
0.000000E+00
0.000000E+00
0.000000E+00
0.000000E+00
0.000000E+00
0.000000E+00
0.000000E+00
0.000000E+00
0.000000E+00
0.000000E+00
0.000000E+00
0.000000E+00
0.000000E+00
0.000000E+00
0.000000E+00
0.000000E+00
0.000000E+00
0.000000E+00
0.000000E+00
0.000000E+00
0.000000E+00
0.000000E+00
0.000000E+00
0.000000E+00
0.000000E+00
0.000000E+00
0.000000E+00
0.000000E+00
1.888787E-01
3.812038E-01
2.521804E-01
1.465933E-01
8.518367E-02
5.045798E-02
3.162397E-02
2.308158E-02
2.214770E-02
2.814170E-02
4.159377E-02
6.194271E-02
8.010317E-02
6.920800E-02
5.818116E-02
5.504579E-02
5.496737E-02
4.289463E-02
0.000000E+00
0.000000E+00
3.793215E-01
9.331044E-01
4.944111E-01
2.692189E-01
1.566594E-01
9.434454E-02
6.012715E-02
4.420318E-02
4.167083E-02
5.039772E-02
6.905027E-02
9.357581E-02
1.125505E-01
1.110531E-01
1.101437E-01
1.209903E-01
1.398158E-01
1.292199E-01
0.000000E+00
0.000000E+00
2.457018E-01
4.850541E-01
3.764715E-01
2.766374E-01
1.882950E-01
1.235603E-01
8.305283E-02
6.278707E-02
5.887267E-02
6.868599E-02
8.948580E-02
1.151507E-01
1.356075E-01
1.492315E-01
1.705039E-01
2.146683E-01
2.945704E-01
3.502564E-01
0.000000E+00
0.000000E+00
1.372534E-01
2.492859E-01
2.543293E-01
2.330683E-01
1.909832E-01
1.418569E-01
1.027912E-01
8.075673E-02
7.584125E-02
8.622829E-02
1.093563E-01
1.394543E-01
1.681190E-01
2.012833E-01
2.495602E-01
3.330408E-01
5.161670E-01
8.285705E-01
0.000000E+00
0.000000E+00
8.680372E-02
1.568429E-01
1.938198E-01
2.151641E-01
2.128624E-01
1.717553E-01
1.289211E-01
1.030881E-01
9.641212E-02
1.063904E-01
1.312094E-01
1.682628E-01
2.146239E-01
2.750547E-01
3.484186E-01
4.220420E-01
5.050105E-01
4.649781E-01
0.000000E+00
0.000000E+00
7.334731E-02
1.317808E-01
1.834097E-01
2.408917E-01
2.821201E-01
2.262215E-01
1.668009E-01
1.345839E-01
1.272190E-01
1.376378E-01
1.658705E-01
2.143446E-01
2.849514E-01
3.804685E-01
4.956664E-01
5.934789E-01
6.894577E-01
4.061830E-01
0.000000E+00
0.000000E+00
7.916623E-02
1.323254E-01
1.890259E-01
2.760750E-01
3.717141E-01
2.805939E-01
2.059451E-01
1.767999E-01
1.773733E-01
1.912388E-01
2.257894E-01
2.914078E-01
3.892579E-01
5.097128E-01
6.630903E-01
8.273212E-01
1.175228E+00
5.148913E-01
0.000000E+00
0.000000E+00
8.575505E-02
1.263723E-01
1.648327E-01
2.226773E-01
2.780755E-01
2.469851E-01
2.219497E-01
2.318966E-01
2.618933E-01
2.813913E-01
3.247342E-01
4.206813E-01
5.595297E-01
6.626737E-01
7.843702E-01
7.567755E-01
7.260088E-01
3.630346E-01
0.000000E+00
0.000000E+00
6.414614E-02
9.886657E-02
1.265612E-01
1.618166E-01
1.973162E-01
2.120034E-01
2.444032E-01
3.158969E-01
4.033507E-01
4.209234E-01
4.709220E-01
6.272673E-01
8.689676E-01
8.169685E-01
7.629537E-01
6.503647E-01
4.946217E-01
2.517989E-01
0.000000E+00
0.000000E+00
4.371570E-02
7.307839E-02
9.645681E-02
1.233084E-01
1.565697E-01
1.996165E-01
2.781846E-01
4.169196E-01
5.928075E-01
6.006808E-01
6.401890E-01
8.839971E-01
1.435453E+00
1.046526E+00
7.894107E-01
5.855706E-01
3.937211E-01
1.963994E-01
0.000000E+00
0.000000E+00
3.460288E-02
6.188724E-02
8.427954E-02
1.095096E-01
1.455634E-01
2.032918E-01
3.030785E-01
4.645895E-01
6.715829E-01
8.027721E-01
7.535251E-01
8.242358E-01
1.041983E+00
9.996586E-01
8.017982E-01
5.636363E-01
3.581614E-01
1.775422E-01
0.000000E+00
0.000000E+00
3.937685E-02
7.162974E-02
9.476194E-02
1.198923E-01
1.597733E-01
2.288459E-01
3.508256E-01
5.666943E-01
9.379450E-01
1.488393E+00
1.007595E+00
8.012165E-01
8.020015E-01
8.144251E-01
7.636698E-01
5.383076E-01
3.432668E-01
1.773085E-01
0.000000E+00
0.000000E+00
6.417095E-02
1.148922E-01
1.366844E-01
1.583940E-01
2.021511E-01
2.837330E-01
4.323607E-01
7.424713E-01
1.535621E+00
4.458547E+00
1.547816E+00
8.616383E-01
6.919942E-01
6.349597E-01
5.759513E-01
4.398866E-01
3.078017E-01
1.747889E-01
0.000000E+00
0.000000E+00
1.253056E-01
2.267414E-01
2.289905E-01
2.345484E-01
2.845219E-01
3.844069E-01
5.364849E-01
8.422719E-01
1.379380E+00
1.963582E+00
1.240169E+00
8.386412E-01
6.846011E-01
5.562209E-01
4.530953E-01
3.510356E-01
2.558136E-01
1.442484E-01
0.000000E+00
0.000000E+00
2.478489E-01
4.898317E-01
3.953736E-01
3.564416E-01
4.360704E-01
6.069349E-01
7.242528E-01
1.118426E+00
1.976221E+00
2.087324E+00
1.273972E+00
9.200979E-01
8.628603E-01
5.983548E-01
4.085072E-01
2.904305E-01
2.041092E-01
1.102599E-01
0.000000E+00
0.000000E+00
4.041327E-01
9.836842E-01
5.913379E-01
4.961730E-01
7.134480E-01
1.262836E+00
1.024404E+00
1.574071E+00
4.579028E+00
1.951886E+00
1.142606E+00
9.799810E-01
1.274024E+00
6.966606E-01
3.879684E-01
2.399001E-01
1.539369E-01
7.868359E-02
0.000000E+00
0.000000E+00
2.462324E-01
4.908716E-01
4.259540E-01
5.154440E-01
1.146665E+00
4.029028E+00
1.323419E+00
1.049001E+00
1.566027E+00
1.259413E+00
8.419324E-01
6.776160E-01
6.988343E-01
4.670709E-01
2.818501E-01
1.712635E-01
1.037600E-01
5.067848E-02
0.000000E+00
0.000000E+00
1.066507E-01
1.939814E-01
2.063372E-01
2.721626E-01
5.019773E-01
9.859930E-01
5.871730E-01
5.255773E-01
7.583083E-01
1.104523E+00
5.902357E-01
3.741858E-01
3.190270E-01
2.400086E-01
1.526170E-01
9.163809E-02
5.326230E-02
2.513257E-02
0.000000E+00
0.000000E+00
0.000000E+00
0.000000E+00
0.000000E+00
0.000000E+00
0.000000E+00
0.000000E+00
0.000000E+00
0.000000E+00
0.000000E+00
0.000000E+00
0.000000E+00
0.000000E+00
0.000000E+00
0.000000E+00
0.000000E+00
0.000000E+00
0.000000E+00
0.000000E+00
0.000000E+00
0.000000E+00
0.000000E+00
0.000000E+00
0.000000E+00
0.000000E+00
0.000000E+00
0.000000E+00
0.000000E+00
0.000000E+00
0.000000E+00
0.000000E+00
0.000000E+00
0.000000E+00
0.000000E+00
0.000000E+00
0.000000E+00
0.000000E+00
0.000000E+00
0.000000E+00
0.000000E+00
0.000000E+00
8.197361E-02
1.459030E-01
1.173628E-01
7.796598E-02
4.945636E-02
3.149573E-02
2.109742E-02
1.609113E-02
1.523641E-02
1.795723E-02
2.390363E-02
3.205170E-02
3.923398E-02
4.054424E-02
4.050051E-02
4.060522E-02
3.837604E-02
2.675192E-02
0.000000E+00
0.000000E+00
1.452780E-01
2.769075E-01
2.074764E-01
1.366062E-01
8.865503E-02
5.819013E-02
4.007529E-02
3.113412E-02
2.947172E-02
3.401500E-02
4.385321E-02
5.710052E-02
6.995901E-02
7.860158E-02
8.592020E-02
9.215331E-02
9.317130E-02
7.050506E-02
0.000000E+00
0.000000E+00
1.155016E-01
2.050992E-01
1.862811E-01
1.459852E-01
1.071231E-01
7.650193E-02
5.591820E-02
4.513201E-02
4.321413E-02
4.929313E-02
6.252890E-02
8.133262E-02
1.032481E-01
1.267837E-01
1.506196E-01
1.696222E-01
1.829218E-01
1.534467E-01
0.000000E+00
0.000000E+00
7.617673E-02
1.333395E-01
1.435886E-01
1.332662E-01
1.131804E-01
8.988217E-02
7.074438E-02
5.997155E-02
5.859714E-02
6.657693E-02
8.432546E-02
1.124400E-01
1.517644E-01
2.033432E-01
2.575674E-01
2.895749E-01
3.175022E-01
2.794909E-01
0.000000E+00
0.000000E+00
5.259984E-02
9.435447E-02
1.168982E-01
1.267166E-01
1.240773E-01
1.073894E-01
8.963416E-02
7.971666E-02
7.983797E-02
9.015000E-02
1.137917E-01
1.562941E-01
2.255816E-01
3.284777E-01
4.434389E-01
4.802186E-01
5.062130E-01
3.143897E-01
0.000000E+00
0.000000E+00
4.325475E-02
7.949813E-02
1.087740E-01
1.338776E-01
1.473634E-01
1.334188E-01
1.164761E-01
1.102493E-01
1.150587E-01
1.280380E-01
1.583475E-01
2.196506E-01
3.295724E-01
5.089907E-01
7.487914E-01
8.530516E-01
1.171606E+00
5.121480E-01
0.000000E+00
0.000000E+00
4.143543E-02
7.517374E-02
1.069761E-01
1.419913E-01
1.700301E-01
1.595366E-01
1.511589E-01
1.609630E-01
1.813119E-01
1.947397E-01
2.295752E-01
3.127264E-01
4.634898E-01
6.933350E-01
1.054311E+00
1.452819E+00
4.056078E+00
9.749755E-01
0.000000E+00
0.000000E+00
3.987355E-02
6.923948E-02
9.627296E-02
1.268614E-01
1.550066E-01
1.672904E-01
1.936238E-01
2.514274E-01
3.191963E-01
3.163148E-01
3.475318E-01
4.724345E-01
7.058893E-01
9.349020E-01
1.452127E+00
1.126326E+00
1.248322E+00
5.141880E-01
0.000000E+00
0.000000E+00
3.288996E-02
5.796236E-02
8.050170E-02
1.062683E-01
1.367071E-01
1.763986E-01
2.567509E-01
4.140280E-01
6.201009E-01
5.255806E-01
5.298571E-01
7.723332E-01
1.337012E+00
1.018968E+00
9.687364E-01
7.361681E-01
5.704416E-01
2.756002E-01
0.000000E+00
0.000000E+00
2.623554E-02
4.804631E-02
6.826682E-02
9.242172E-02
1.274261E-01
1.893310E-01
3.232625E-01
6.225959E-01
1.177341E+00
7.918393E-01
7.377701E-01
1.310145E+00
4.183933E+00
1.398548E+00
7.918866E-01
5.316634E-01
3.537528E-01
1.741199E-01
0.000000E+00
0.000000E+00
2.407197E-02
4.535240E-02
6.528484E-02
8.938047E-02
1.261896E-01
1.909008E-01
3.122629E-01
5.265057E-01
8.030132E-01
7.604233E-01
7.084924E-01
8.717349E-01
1.345417E+00
8.815029E-01
6.070447E-01
4.174559E-01
2.673302E-01
1.314415E-01
0.000000E+00
0.000000E+00
2.902869E-02
5.446763E-02
7.613041E-02
1.011669E-01
1.393864E-01
2.037970E-01
3.150784E-01
4.978483E-01
7.448565E-01
9.216014E-01
7.586035E-01
6.838223E-01
7.150593E-01
6.018258E-01
4.816398E-01
3.466313E-01
2.242803E-01
1.122688E-01
0.000000E+00
0.000000E+00
4.474226E-02
8.202139E-02
1.069945E-01
1.338016E-01
1.756745E-01
2.432845E-01
3.569528E-01
5.590751E-01
9.089337E-01
1.428257E+00
9.243317E-01
6.684254E-01
5.758413E-01
4.805948E-01
3.867208E-01
2.856224E-01
1.909297E-01
9.900558E-02
0.000000E+00
0.000000E+00
7.683688E-02
1.391750E-01
1.662106E-01
1.956181E-01
2.477487E-01
3.225862E-01
4.300777E-01
6.213574E-01
8.977143E-01
1.094943E+00
8.608643E-01
7.027609E-01
6.600731E-01
4.879977E-01
3.478475E-01
2.439627E-01
1.614157E-01
8.331711E-02
0.000000E+00
0.000000E+00
1.277344E-01
2.364466E-01
2.560196E-01
2.923626E-01
3.773381E-01
4.770018E-01
5.594695E-01
7.670375E-01
1.099469E+00
1.122072E+00
9.101285E-01
9.098769E-01
1.248226E+00
6.791006E-01
3.725083E-01
2.233115E-01
1.366844E-01
6.770178E-02
0.000000E+00
0.000000E+00
1.727293E-01
3.415634E-01
3.398609E-01
4.047260E-01
5.824547E-01
7.697977E-01
7.295392E-01
9.446346E-01
1.540005E+00
1.227620E+00
9.768764E-01
1.345977E+00
4.048464E+00
1.115414E+00
4.201816E-01
2.043730E-01
1.117118E-01
5.221387E-02
0.000000E+00
0.000000E+00
1.263148E-01
2.422658E-01
2.972777E-01
4.409625E-01
7.787071E-01
1.224525E+00
7.967746E-01
7.782192E-01
1.114724E+00
1.435321E+00
8.928455E-01
7.991842E-01
1.130268E+00
5.727191E-01
2.786463E-01
1.449176E-01
7.809804E-02
3.551091E-02
0.000000E+00
0.000000E+00
6.184315E-02
1.177844E-01
1.612567E-01
2.475416E-01
4.058315E-01
5.487641E-01
4.340439E-01
4.955716E-01
1.060478E+00
3.774346E+00
9.874272E-01
4.519858E-01
3.804384E-01
2.376923E-01
1.335874E-01
7.375820E-02
4.000504E-02
1.799080E-02
0.000000E+00
0.000000E+00
0.000000E+00
0.000000E+00
0.000000E+00
0.000000E+00
0.000000E+00
0.000000E+00
0.000000E+00
0.000000E+00
0.000000E+00
0.000000E+00
0.000000E+00
0.000000E+00
0.000000E+00
0.000000E+00
0.000000E+00
0.000000E+00
0.000000E+00
0.000000E+00
0.000000E+00
0.000000E+00
0.000000E+00
0.000000E+00
0.000000E+00
0.000000E+00
0.000000E+00
0.000000E+00
0.000000E+00
0.000000E+00
0.000000E+00
0.000000E+00
0.000000E+00
0.000000E+00
0.000000E+00
0.000000E+00
0.000000E+00
0.000000E+00
0.000000E+00
0.000000E+00
0.000000E+00
0.000000E+00
3.227530E-02
5.444593E-02
4.999167E-02
3.726878E-02
2.580186E-02
1.764644E-02
1.257272E-02
1.002006E-02
9.559754E-03
1.093597E-02
1.394177E-02
1.814230E-02
2.255423E-02
2.585741E-02
2.787739E-02
2.770699E-02
2.435447E-02
1.542373E-02
0.000000E+00
0.000000E+00
5.428355E-02
9.381112E-02
8.515892E-02
6.448715E-02
4.605880E-02
3.261577E-02
2.400357E-02
1.961489E-02
1.892775E-02
2.162073E-02
2.748422E-02
3.610589E-02
4.650906E-02
5.699968E-02
6.498259E-02
6.564893E-02
5.854858E-02
3.806686E-02
0.000000E+00
0.000000E+00
4.962931E-02
8.478626E-02
8.563588E-02
7.249336E-02
5.690176E-02
4.346321E-02
3.398228E-02
2.905003E-02
2.872163E-02
3.306110E-02
4.251541E-02
5.786060E-02
7.985369E-02
1.073542E-01
1.309748E-01
1.302009E-01
1.149487E-01
7.586752E-02
0.000000E+00
0.000000E+00
3.741014E-02
6.486708E-02
7.331460E-02
7.037446E-02
6.204544E-02
5.209056E-02
4.395515E-02
3.987526E-02
4.079029E-02
4.751179E-02
6.234027E-02
8.957914E-02
1.357953E-01
2.050188E-01
2.732598E-01
2.518919E-01
2.100213E-01
1.329089E-01
0.000000E+00
0.000000E+00
2.815931E-02
5.053692E-02
6.336001E-02
6.869561E-02
6.797083E-02
6.241616E-02
5.696587E-02
5.544798E-02
5.905270E-02
6.880246E-02
9.087187E-02
1.371113E-01
2.291526E-01
3.965763E-01
6.080193E-01
4.870460E-01
3.751040E-01
2.021053E-01
0.000000E+00
0.000000E+00
2.346146E-02
4.352561E-02
5.917764E-02
7.099801E-02
7.749728E-02
7.688067E-02
7.671330E-02
8.226005E-02
9.246076E-02
1.043036E-01
1.327458E-01
2.015311E-01
3.571636E-01
7.005468E-01
1.324487E+00
8.846583E-01
7.055900E-01
3.337707E-01
0.000000E+00
0.000000E+00
2.150319E-02
4.036134E-02
5.736269E-02
7.362564E-02
8.707633E-02
9.461149E-02
1.081988E-01
1.350711E-01
1.658685E-01
1.706443E-01
1.957101E-01
2.779823E-01
4.660304E-01
8.619371E-01
1.579281E+00
1.163033E+00
1.232408E+00
4.962919E-01
0.000000E+00
0.000000E+00
1.988976E-02
3.709189E-02
5.329452E-02
7.066754E-02
8.982680E-02
1.140146E-01
1.615715E-01
2.517136E-01
3.639285E-01
3.085279E-01
2.991579E-01
3.935537E-01
6.444403E-01
1.310144E+00
4.207148E+00
1.393327E+00
8.089717E-01
3.517423E-01
0.000000E+00
0.000000E+00
1.734466E-02
3.272074E-02
4.780396E-02
6.586834E-02
9.200335E-02
1.404082E-01
2.529772E-01
5.209027E-01
1.036134E+00
6.058431E-01
4.574694E-01
5.503668E-01
8.062311E-01
9.123841E-01
1.292499E+00
7.535186E-01
4.567949E-01
2.119526E-01
0.000000E+00
0.000000E+00
1.524817E-02
2.939392E-02
4.395625E-02
6.298559E-02
9.519428E-02
1.657141E-01
3.612654E-01
1.033168E+00
3.928022E+00
1.147200E+00
6.305402E-01
7.386380E-01
1.227882E+00
8.181052E-01
6.538888E-01
4.380619E-01
2.736789E-01
1.310556E-01
0.000000E+00
0.000000E+00
1.523033E-02
2.969453E-02
4.462059E-02
6.405525E-02
9.602793E-02
1.582579E-01
2.928170E-01
5.903507E-01
1.138123E+00
7.249274E-01
5.460203E-01
5.762311E-01
7.146396E-01
5.568998E-01
4.197462E-01
2.927935E-01
1.857219E-01
9.024840E-02
0.000000E+00
0.000000E+00
1.877062E-02
3.626003E-02
5.313924E-02
7.370181E-02
1.045638E-01
1.562352E-01
2.475534E-01
3.993422E-01
5.860116E-01
5.794755E-01
4.954292E-01
4.588495E-01
4.602133E-01
3.881890E-01
3.043564E-01
2.191397E-01
1.413251E-01
6.964398E-02
0.000000E+00
0.000000E+00
2.758122E-02
5.236200E-02
7.386755E-02
9.841197E-02
1.315932E-01
1.777845E-01
2.510785E-01
3.666556E-01
5.153118E-01
6.182509E-01
5.131066E-01
4.292642E-01
3.828611E-01
3.163724E-01
2.453493E-01
1.770091E-01
1.151850E-01
5.748037E-02
0.000000E+00
0.000000E+00
4.327316E-02
8.158709E-02
1.120184E-01
1.479412E-01
1.926908E-01
2.336442E-01
2.911351E-01
3.873074E-01
5.066313E-01
5.709040E-01
5.080690E-01
4.543747E-01
4.260298E-01
3.261489E-01
2.297621E-01
1.555340E-01
9.814064E-02
4.836041E-02
0.000000E+00
0.000000E+00
6.447850E-02
1.234668E-01
1.698685E-01
2.371229E-01
3.227249E-01
3.451348E-01
3.687754E-01
4.506275E-01
5.686315E-01
5.934625E-01
5.446419E-01
5.595404E-01
6.410365E-01
4.218781E-01
2.492284E-01
1.477377E-01
8.602786E-02
4.066084E-02
0.000000E+00
0.000000E+00
7.981285E-02
1.597844E-01
2.332063E-01
3.777240E-01
5.963247E-01
5.348787E-01
4.645398E-01
5.150941E-01
6.595553E-01
6.464681E-01
5.863000E-01
6.979761E-01
1.093863E+00
5.542125E-01
2.672251E-01
1.373085E-01
7.289229E-02
3.272861E-02
0.000000E+00
0.000000E+00
6.639716E-02
1.403492E-01
2.476855E-01
5.123191E-01
1.066481E+00
7.302099E-01
4.900952E-01
4.631647E-01
5.869739E-01
7.018062E-01
5.395435E-01
4.962091E-01
5.645327E-01
3.504029E-01
1.882838E-01
9.959624E-02
5.220735E-02
2.296203E-02
0.000000E+00
0.000000E+00
3.576980E-02
7.680538E-02
1.389135E-01
2.669214E-01
4.594570E-01
3.793824E-01
2.844907E-01
2.990042E-01
4.850388E-01
9.067862E-01
4.620071E-01
2.836754E-01
2.387674E-01
1.588235E-01
9.220725E-02
5.084058E-02
2.692218E-02
1.179395E-02
0.000000E+00
0.000000E+00
0.000000E+00
0.000000E+00
0.000000E+00
0.000000E+00
0.000000E+00
0.000000E+00
0.000000E+00
0.000000E+00
0.000000E+00
0.000000E+00
0.000000E+00
0.000000E+00
0.000000E+00
0.000000E+00
0.000000E+00
0.000000E+00
0.000000E+00
0.000000E+00
0.000000E+00
0.000000E+00
0.000000E+00
0.000000E+00
0.000000E+00
0.000000E+00
0.000000E+00
0.000000E+00
0.000000E+00
0.000000E+00
0.000000E+00
0.000000E+00
0.000000E+00
0.000000E+00
0.000000E+00
0.000000E+00
0.000000E+00
0.000000E+00
0.000000E+00
0.000000E+00
0.000000E+00
0.000000E+00
1.101755E-02
1.830596E-02
1.821150E-02
1.468322E-02
1.083123E-02
7.804176E-03
5.812022E-03
4.786859E-03
4.628274E-03
5.270354E-03
6.669963E-03
8.735773E-03
1.122118E-02
1.363327E-02
1.518616E-02
1.468267E-02
1.216009E-02
7.225089E-03
0.000000E+00
0.000000E+00
1.827840E-02
3.073728E-02
3.084102E-02
2.545863E-02
1.940594E-02
1.448640E-02
1.116138E-02
9.457519E-03
9.309747E-03
1.070550E-02
1.373937E-02
1.856514E-02
2.520911E-02
3.294320E-02
3.872018E-02
3.671345E-02
2.973833E-02
1.757298E-02
0.000000E+00
0.000000E+00
1.820163E-02
3.087153E-02
3.319003E-02
2.969909E-02
2.445209E-02
1.955275E-02
1.599910E-02
1.423662E-02
1.446688E-02
1.696917E-02
2.244623E-02
3.224199E-02
4.831833E-02
7.133280E-02
9.217569E-02
8.066897E-02
6.086945E-02
3.480088E-02
0.000000E+00
0.000000E+00
1.498095E-02
2.603184E-02
3.039020E-02
3.002518E-02
2.726600E-02
2.380389E-02
2.106134E-02
2.000534E-02
2.118081E-02
2.537763E-02
3.482301E-02
5.432212E-02
9.335198E-02
1.650386E-01
2.544013E-01
1.842216E-01
1.202771E-01
6.319552E-02
0.000000E+00
0.000000E+00
1.198732E-02
2.158924E-02
2.737712E-02
2.992762E-02
3.008591E-02
2.880368E-02
2.786991E-02
2.867936E-02
3.173992E-02
3.812542E-02
5.315755E-02
8.951714E-02
1.799755E-01
4.073865E-01
8.753124E-01
4.441456E-01
2.334243E-01
1.069851E-01
0.000000E+00
0.000000E+00
1.019125E-02
1.899957E-02
2.583995E-02
3.086379E-02
3.406878E-02
3.584715E-02
3.867667E-02
4.418284E-02
5.133621E-02
5.920629E-02
7.889724E-02
1.349156E-01
3.054390E-01
9.292626E-01
3.756750E+00
9.959055E-01
4.123902E-01
1.699318E-01
0.000000E+00
0.000000E+00
9.246945E-03
1.760127E-02
2.508159E-02
3.206434E-02
3.863574E-02
4.561487E-02
5.711597E-02
7.519046E-02
9.326150E-02
9.737687E-02
1.130825E-01
1.678378E-01
3.076767E-01
6.377690E-01
1.259590E+00
7.264654E-01
4.725872E-01
2.089274E-01
0.000000E+00
0.000000E+00
8.497705E-03
1.631846E-02
2.389170E-02
3.219536E-02
4.264907E-02
5.888258E-02
8.929406E-02
1.403090E-01
1.931124E-01
1.724109E-01
1.669438E-01
2.153289E-01
3.459033E-01
6.275904E-01
1.172170E+00
6.492931E-01
3.734788E-01
1.669854E-01
0.000000E+00
0.000000E+00
7.655491E-03
1.490783E-02
2.243321E-02
3.194836E-02
4.701623E-02
7.644354E-02
1.402088E-01
2.676206E-01
4.370424E-01
3.116070E-01
2.434186E-01
2.715673E-01
3.668593E-01
4.564531E-01
5.824430E-01
3.926405E-01
2.364049E-01
1.095105E-01
0.000000E+00
0.000000E+00
7.096629E-03
1.404602E-02
2.165571E-02
3.216411E-02
5.080713E-02
9.125627E-02
1.899699E-01
4.341656E-01
9.230408E-01
4.888288E-01
3.137786E-01
3.213219E-01
4.127158E-01
3.635553E-01
3.265058E-01
2.323436E-01
1.451058E-01
6.909782E-02
0.000000E+00
0.000000E+00
7.404252E-03
1.473352E-02
2.274857E-02
3.362892E-02
5.191368E-02
8.741704E-02
1.604155E-01
2.997356E-01
4.809467E-01
3.595537E-01
2.770067E-01
2.715622E-01
2.998549E-01
2.584407E-01
2.084304E-01
1.498338E-01
9.538589E-02
4.618950E-02
0.000000E+00
0.000000E+00
9.216096E-03
1.819115E-02
2.753985E-02
3.929912E-02
5.657947E-02
8.451308E-02
1.326577E-01
2.074689E-01
2.854630E-01
2.755012E-01
2.403772E-01
2.228492E-01
2.167348E-01
1.865139E-01
1.481634E-01
1.075078E-01
6.931083E-02
3.395225E-02
0.000000E+00
0.000000E+00
1.323458E-02
2.594521E-02
3.874599E-02
5.416947E-02
7.333195E-02
9.531742E-02
1.291595E-01
1.794822E-01
2.342155E-01
2.570131E-01
2.315712E-01
2.052837E-01
1.851609E-01
1.541840E-01
1.192125E-01
8.547625E-02
5.502165E-02
2.705727E-02
0.000000E+00
0.000000E+00
1.997358E-02
3.962384E-02
6.064037E-02
8.877013E-02
1.206651E-01
1.309449E-01
1.487109E-01
1.842645E-01
2.265769E-01
2.467932E-01
2.315396E-01
2.141778E-01
1.981920E-01
1.563906E-01
1.119051E-01
7.547551E-02
4.685594E-02
2.265363E-02
0.000000E+00
0.000000E+00
2.870332E-02
5.950272E-02
9.984393E-02
1.713972E-01
2.684194E-01
2.200677E-01
1.939394E-01
2.095758E-01
2.442010E-01
2.564238E-01
2.465113E-01
2.492211E-01
2.569411E-01
1.870114E-01
1.185660E-01
7.195062E-02
4.155819E-02
1.931159E-02
0.000000E+00
0.000000E+00
3.544093E-02
8.025405E-02
1.626158E-01
3.770758E-01
8.427664E-01
4.369847E-01
2.649913E-01
2.368163E-01
2.650482E-01
2.716809E-01
2.588691E-01
2.804612E-01
3.304208E-01
2.150453E-01
1.209418E-01
6.635396E-02
3.559270E-02
1.582476E-02
0.000000E+00
0.000000E+00
3.273561E-02
8.424394E-02
2.259689E-01
8.022203E-01
3.588486E+00
8.684502E-01
3.239154E-01
2.253927E-01
2.442978E-01
2.711966E-01
2.329787E-01
2.163952E-01
2.188195E-01
1.514465E-01
8.869613E-02
4.891860E-02
2.582515E-02
1.127186E-02
0.000000E+00
0.000000E+00
1.851556E-02
4.721683E-02
1.155403E-01
3.100275E-01
7.529902E-01
3.482183E-01
1.755415E-01
1.405101E-01
1.782499E-01
2.442152E-01
1.701124E-01
1.240015E-01
1.048265E-01
7.357705E-02
4.476003E-02
2.526974E-02
1.341668E-02
5.837200E-03
0.000000E+00
0.000000E+00
0.000000E+00
0.000000E+00
0.000000E+00
0.000000E+00
0.000000E+00
0.000000E+00
0.000000E+00
0.000000E+00
0.000000E+00
0.000000E+00
0.000000E+00
0.000000E+00
0.000000E+00
0.000000E+00
0.000000E+00
0.000000E+00
0.000000E+00
0.000000E+00
0.000000E+00
0.000000E+00
0.000000E+00
0.000000E+00
0.000000E+00
0.000000E+00
0.000000E+00
0.000000E+00
0.000000E+00
0.000000E+00
0.000000E+00
0.000000E+00
0.000000E+00
0.000000E+00
0.000000E+00
0.000000E+00
0.000000E+00
0.000000E+00
0.000000E+00
0.000000E+00
0.000000E+00
0.000000E+00
0.000000E+00
0.000000E+00
0.000000E+00
0.000000E+00
0.000000E+00
0.000000E+00
0.000000E+00
0.000000E+00
0.000000E+00
0.000000E+00
0.000000E+00
0.000000E+00
0.000000E+00
0.000000E+00
0.000000E+00
0.000000E+00
0.000000E+00
0.000000E+00
0.000000E+00
0.000000E+00
0.000000E+00
0.000000E+00
0.000000E+00
0.000000E+00
0.000000E+00
0.000000E+00
0.000000E+00
0.000000E+00
0.000000E+00
0.000000E+00
0.000000E+00
0.000000E+00
0.000000E+00
0.000000E+00
0.000000E+00
0.000000E+00
0.000000E+00
0.000000E+00
0.000000E+00
0.000000E+00
0.000000E+00
0.000000E+00
0.000000E+00
0.000000E+00
0.000000E+00
0.000000E+00
0.000000E+00
0.000000E+00
0.000000E+00
0.000000E+00
0.000000E+00
0.000000E+00
0.000000E+00
0.000000E+00
0.000000E+00
0.000000E+00
0.000000E+00
0.000000E+00
0.000000E+00
0.000000E+00
0.000000E+00
0.000000E+00
0.000000E+00
0.000000E+00
0.000000E+00
0.000000E+00
0.000000E+00
0.000000E+00
0.000000E+00
0.000000E+00
0.000000E+00
0.000000E+00
0.000000E+00
0.000000E+00
0.000000E+00
0.000000E+00
0.000000E+00
0.000000E+00
0.000000E+00
0.000000E+00
0.000000E+00
0.000000E+00
0.000000E+00
0.000000E+00
0.000000E+00
0.000000E+00
0.000000E+00
0.000000E+00
0.000000E+00
0.000000E+00
0.000000E+00
0.000000E+00
0.000000E+00
0.000000E+00
0.000000E+00
0.000000E+00
0.000000E+00
0.000000E+00
0.000000E+00
0.000000E+00
0.000000E+00
0.000000E+00
0.000000E+00
0.000000E+00
0.000000E+00
0.000000E+00
0.000000E+00
0.000000E+00
0.000000E+00
0.000000E+00
0.000000E+00
0.000000E+00
0.000000E+00
0.000000E+00
0.000000E+00
0.000000E+00
0.000000E+00
0.000000E+00
0.000000E+00
0.000000E+00
0.000000E+00
0.000000E+00
0.000000E+00
0.000000E+00
0.000000E+00
0.000000E+00
0.000000E+00
0.000000E+00
0.000000E+00
0.000000E+00
0.000000E+00
0.000000E+00
0.000000E+00
0.000000E+00
0.000000E+00
0.000000E+00
0.000000E+00
0.000000E+00
0.000000E+00
0.000000E+00
0.000000E+00
0.000000E+00
0.000000E+00
0.000000E+00
0.000000E+00
0.000000E+00
0.000000E+00
0.000000E+00
0.000000E+00
0.000000E+00
0.000000E+00
0.000000E+00
0.000000E+00
0.000000E+00
0.000000E+00
0.000000E+00
0.000000E+00
0.000000E+00
0.000000E+00
0.000000E+00
0.000000E+00
0.000000E+00
0.000000E+00
0.000000E+00
0.000000E+00
0.000000E+00
0.000000E+00
0.000000E+00
0.000000E+00
0.000000E+00
0.000000E+00
0.000000E+00
0.000000E+00
0.000000E+00
0.000000E+00
0.000000E+00
0.000000E+00
0.000000E+00
0.000000E+00
0.000000E+00
0.000000E+00
0.000000E+00
0.000000E+00
0.000000E+00
0.000000E+00
0.000000E+00
0.000000E+00
0.000000E+00
0.000000E+00
0.000000E+00
0.000000E+00
0.000000E+00
0.000000E+00
0.000000E+00
0.000000E+00
0.000000E+00
0.000000E+00
0.000000E+00
0.000000E+00
0.000000E+00
0.000000E+00
0.000000E+00
0.000000E+00
0.000000E+00
0.000000E+00
0.000000E+00
0.000000E+00
0.000000E+00
0.000000E+00
0.000000E+00
0.000000E+00
0.000000E+00
0.000000E+00
0.000000E+00
0.000000E+00
0.000000E+00
0.000000E+00
0.000000E+00
0.000000E+00
0.000000E+00
0.000000E+00
0.000000E+00
0.000000E+00
0.000000E+00
0.000000E+00
0.000000E+00
0.000000E+00
0.000000E+00
0.000000E+00
0.000000E+00
0.000000E+00
0.000000E+00
0.000000E+00
0.000000E+00
0.000000E+00
0.000000E+00
0.000000E+00
0.000000E+00
0.000000E+00
0.000000E+00
0.000000E+00
0.000000E+00
0.000000E+00
0.000000E+00
0.000000E+00
0.000000E+00
0.000000E+00
0.000000E+00
0.000000E+00
0.000000E+00
0.000000E+00
0.000000E+00
0.000000E+00
0.000000E+00
0.000000E+00
0.000000E+00
0.000000E+00
0.000000E+00
0.000000E+00
0.000000E+00
0.000000E+00
0.000000E+00
0.000000E+00
0.000000E+00
0.000000E+00
0.000000E+00
0.000000E+00
0.000000E+00
0.000000E+00
0.000000E+00
0.000000E+00
0.000000E+00
0.000000E+00
0.000000E+00
0.000000E+00
0.000000E+00
0.000000E+00
0.000000E+00
0.000000E+00
0.000000E+00
0.000000E+00
0.000000E+00
0.000000E+00
0.000000E+00
0.000000E+00
0.000000E+00
0.000000E+00
0.000000E+00
0.000000E+00
0.000000E+00
0.000000E+00
0.000000E+00
0.000000E+00
0.000000E+00
0.000000E+00
0.000000E+00
0.000000E+00
0.000000E+00
0.000000E+00
0.000000E+00
0.000000E+00
0.000000E+00
0.000000E+00
0.000000E+00
0.000000E+00
0.000000E+00
0.000000E+00
0.000000E+00
0.000000E+00
0.000000E+00
0.000000E+00
0.000000E+00
0.000000E+00
0.000000E+00
0.000000E+00
0.000000E+00
0.000000E+00
0.000000E+00
0.000000E+00
0.000000E+00
0.000000E+00
0.000000E+00
0.000000E+00
0.000000E+00
0.000000E+00
0.000000E+00
0.000000E+00
0.000000E+00
0.000000E+00
0.000000E+00
0.000000E+00
0.000000E+00
0.000000E+00
0.000000E+00
0.000000E+00
0.000000E+00
0.000000E+00
0.000000E+00
0.000000E+00
0.000000E+00
0.000000E+00
0.000000E+00
0.000000E+00
0.000000E+00
0.000000E+00
0.000000E+00
0.000000E+00
0.000000E+00
0.000000E+00
0.000000E+00
0.000000E+00
0.000000E+00
0.000000E+00
0.000000E+00
0.000000E+00
0.000000E+00
0.000000E+00
0.000000E+00
0.000000E+00
0.000000E+00
0.000000E+00
0.000000E+00
0.000000E+00
0.000000E+00
0.000000E+00
0.000000E+00
0.000000E+00
0.000000E+00
0.000000E+00
0.000000E+00
0.000000E+00
0.000000E+00
0.000000E+00
0.000000E+00
0.000000E+00
0.000000E+00
0.000000E+00
0.000000E+00
0.000000E+00
