20 20 20
0.000000
0.000000
0.000000
0.000000
0.000000
0.000000
0.000000
0.000000
0.000000
0.000000
0.000000
0.000000
0.000000
0.000000
0.000000
0.000000
0.000000
0.000000
0.000000
0.000000
0.000000
0.000000
0.000000
0.000000
0.000000
0.000000
0.000000
0.000000
0.000000
0.000000
0.000000
0.000000
0.000000
0.000000
0.000000
0.000000
0.000000
0.000000
0.000000
0.000000
0.000000
0.000000
0.000000
0.000000
0.000000
0.000000
0.000000
0.000000
0.000000
0.000000
0.000000
0.000000
0.000000
0.000000
0.000000
0.000000
0.000000
0.000000
0.000000
0.000000
0.000000
0.000000
0.000000
0.000000
0.000000
0.000000
0.000000
0.000000
0.000000
0.000000
0.000000
0.000000
0.000000
0.000000
0.000000
0.000000
0.000000
0.000000
0.000000
0.000000
0.000000
0.000000
0.000000
0.000000
0.000000
0.000000
0.000000
0.000000
0.000000
0.000000
0.000000
0.000000
0.000000
0.000000
0.000000
0.000000
0.000000
0.000000
0.000000
0.000000
0.000000
0.000000
0.000000
0.000000
0.000000
0.000000
0.000000
0.000000
0.000000
0.000000
0.000000
0.000000
0.000000
0.000000
0.000000
0.000000
0.000000
0.000000
0.000000
0.000000
0.000000
0.000000
0.000000
0.000000
0.000000
0.000000
0.000000
0.000000
0.000000
0.000000
0.000000
0.000000
0.000000
0.000000
0.000000
0.000000
0.000000
0.000000
0.000000
0.000000
0.000000
0.000000
0.000000
0.000000
0.000000
0.000000
0.000000
0.000000
0.000000
0.000000
0.000000
0.000000
0.000000
0.000000
0.000000
0.000000
0.000000
0.000000
0.000000
0.000000
0.000000
0.000000
0.000000
0.000000
0.000000
0.000000
0.000000
0.000000
0.000000
0.000000
0.000000
0.000000
0.000000
0.000000
0.000000
0.000000
0.000000
0.000000
0.000000
0.000000
0.000000
0.000000
0.000000
0.000000
0.000000
0.000000
0.000000
0.000000
0.000000
0.000000
0.000000
0.000000
0.000000
0.000000
0.000000
0.000000
0.000000
0.000000
0.000000
0.000000
0.000000
0.000000
0.000000
0.000000
0.000000
0.000000
0.000000
0.000000
0.000000
0.000000
0.000000
0.000000
0.000000
0.000000
0.000000
0.000000
0.000000
0.000000
0.000000
0.000000
0.000000
0.000000
0.000000
0.000000
0.000000
0.000000
0.000000
0.000000
0.000000
0.000000
0.000000
0.000000
0.000000
0.000000
0.000000
0.000000
0.000000
0.000000
0.000000
0.000000
0.000000
0.000000
0.000000
0.000000
0.000000
0.000000
0.000000
0.000000
0.000000
0.000000
0.000000
0.000000
0.000000
0.000000
0.000000
0.000000
0.000000
0.000000
0.000000
0.000000
0.000000
0.000000
0.000000
0.000000
0.000000
0.000000
0.000000
0.000000
0.000000
0.000000
0.000000
0.000000
0.000000
0.000000
0.000000
0.000000
0.000000
0.000000
0.000000
0.000000
0.000000
0.000000
0.000000
0.000000
0.000000
0.000000
0.000000
0.000000
0.000000
0.000000
0.000000
0.000000
0.000000
0.000000
0.000000
0.000000
0.000000
0.000000
0.000000
0.000000
0.000000
0.000000
0.000000
0.000000
0.000000
0.000000
0.000000
0.000000
0.000000
0.000000
0.000000
0.000000
0.000000
0.000000
0.000000
0.000000
0.000000
0.000000
0.000000
0.000000
0.000000
0.000000
0.000000
0.000000
0.000000
0.000000
0.000000
0.000000
0.000000
0.000000
0.000000
0.000000
0.000000
0.000000
0.000000
0.000000
0.000000
0.000000
0.000000
0.000000
0.000000
0.000000
0.000000
0.000000
0.000000
0.000000
0.000000
0.000000
0.000000
0.000000
0.000000
0.000000
0.000000
0.000000
0.000000
0.000000
0.000000
0.000000
0.000000
0.000000
0.000000
0.000000
0.000000
0.000000
0.000000
0.000000
0.000000
0.000000
0.000000
0.000000
0.000000
0.000000
0.000000
0.000000
0.000000
0.000000
0.000000
0.000000
0.000000
0.000000
0.000000
0.000000
0.000000
0.000000
0.000000
0.000000
0.000000
0.000000
0.000000
0.000000
0.000000
0.000000
0.000000
0.000000
0.000000
0.000000
0.000000
0.000000
0.000000
0.000000
0.000000
0.000000
0.000000
0.000000
0.000000
0.000000
0.000000
0.000000
0.000000
0.000000
0.000000
0.000000
0.000000
0.000000
0.000000
0.000000
0.000000
0.000000
0.000000
0.000000
0.000000
0.000053
0.000110
0.000176
0.000251
0.000336
0.000428
0.000516
0.000592
0.000644
0.000662
0.000643
0.000590
0.000512
0.000421
0.000326
0.000235
0.000150
0.000073
0.000000
0.000000
0.000110
0.000230
0.000368
0.000529
0.000713
0.000910
0.001104
0.001271
0.001386
0.001426
0.001384
0.001267
0.001096
0.000896
0.000690
0.000495
0.000316
0.000154
0.000000
0.000000
0.000176
0.000368
0.000592
0.000857
0.001163
0.001497
0.001830
0.002120
0.002319
0.002390
0.002316
0.002113
0.001817
0.001476
0.001129
0.000804
0.000511
0.000247
0.000000
0.000000
0.000251
0.000529
0.000857
0.001252
0.001716
0.002229
0.002750
0.003208
0.003527
0.003640
0.003523
0.003198
0.002732
0.002200
0.001669
0.001178
0.000744
0.000358
0.000000
0.000000
0.000336
0.000713
0.001163
0.001716
0.002375
0.003121
0.003887
0.004574
0.005056
0.005229
0.005050
0.004562
0.003865
0.003083
0.002315
0.001620
0.001015
0.000486
0.000000
0.000000
0.000428
0.000910
0.001497
0.002229
0.003121
0.004144
0.005217
0.006191
0.006884
0.007134
0.006877
0.006176
0.005190
0.004099
0.003047
0.002111
0.001313
0.000625
0.000000
0.000000
0.000516
0.001104
0.001830
0.002750
0.003887
0.005217
0.006631
0.007935
0.008873
0.009217
0.008866
0.007918
0.006600
0.005165
0.003801
0.002611
0.001611
0.000764
0.000000
0.000000
0.000592
0.001271
0.002120
0.003208
0.004574
0.006191
0.007935
0.009564
0.010750
0.011185
0.010741
0.009545
0.007901
0.006132
0.004478
0.003053
0.001873
0.000885
0.000000
0.000000
0.000644
0.001386
0.002319
0.003527
0.005056
0.006884
0.008873
0.010750
0.012125
0.012634
0.012116
0.010730
0.008837
0.006822
0.004953
0.003361
0.002053
0.000968
0.000000
0.000000
0.000662
0.001426
0.002390
0.003640
0.005229
0.007134
0.009217
0.011185
0.012634
0.013170
0.012625
0.011164
0.009180
0.007071
0.005125
0.003470
0.002117
0.000997
0.000000
0.000000
0.000643
0.001384
0.002316
0.003523
0.005050
0.006877
0.008866
0.010741
0.012116
0.012625
0.012107
0.010722
0.008830
0.006816
0.004948
0.003357
0.002051
0.000966
0.000000
0.000000
0.000590
0.001267
0.002113
0.003198
0.004562
0.006176
0.007918
0.009545
0.010730
0.011164
0.010722
0.009526
0.007884
0.006118
0.004466
0.003044
0.001867
0.000882
0.000000
0.000000
0.000512
0.001096
0.001817
0.002732
0.003865
0.005190
0.006600
0.007901
0.008837
0.009180
0.008830
0.007884
0.006569
0.005139
0.003780
0.002595
0.001601
0.000759
0.000000
0.000000
0.000421
0.000896
0.001476
0.002200
0.003083
0.004099
0.005165
0.006132
0.006822
0.007071
0.006816
0.006118
0.005139
0.004055
0.003012
0.002085
0.001295
0.000617
0.000000
0.000000
0.000326
0.000690
0.001129
0.001669
0.002315
0.003047
0.003801
0.004478
0.004953
0.005125
0.004948
0.004466
0.003780
0.003012
0.002257
0.001577
0.000986
0.000472
0.000000
0.000000
0.000235
0.000495
0.000804
0.001178
0.001620
0.002111
0.002611
0.003053
0.003361
0.003470
0.003357
0.003044
0.002595
0.002085
0.001577
0.001111
0.000700
0.000336
0.000000
0.000000
0.000150
0.000316
0.000511
0.000744
0.001015
0.001313
0.001611
0.001873
0.002053
0.002117
0.002051
0.001867
0.001601
0.001295
0.000986
0.000700
0.000443
0.000214
0.000000
0.000000
0.000073
0.000154
0.000247
0.000358
0.000486
0.000625
0.000764
0.000885
0.000968
0.000997
0.000966
0.000882
0.000759
0.000617
0.000472
0.000336
0.000214
0.000103
0.000000
0.000000
0.000000
0.000000
0.000000
0.000000
0.000000
0.000000
0.000000
0.000000
0.000000
0.000000
0.000000
0.000000
0.000000
0.000000
0.000000
0.000000
0.000000
0.000000
0.000000
0.000000
0.000000
0.000000
0.000000
0.000000
0.000000
0.000000
0.000000
0.000000
0.000000
0.000000
0.000000
0.000000
0.000000
0.000000
0.000000
0.000000
0.000000
0.000000
0.000000
0.000000
0.000110
0.000230
0.000368
0.000529
0.000713
0.000910
0.001104
0.001271
0.001386
0.001426
0.001384
0.001267
0.001096
0.000896
0.000690
0.000495
0.000316
0.000154
0.000000
0.000000
0.000230
0.000482
0.000774
0.001119
0.001515
0.001946
0.002374
0.002746
0.003001
0.003091
0.002997
0.002736
0.002357
0.001918
0.001470
0.001049
0.000667
0.000323
0.000000
0.000000
0.000368
0.000774
0.001252
0.001823
0.002491
0.003227
0.003970
0.004623
0.005076
0.005236
0.005069
0.004608
0.003944
0.003183
0.002421
0.001714
0.001084
0.000523
0.000000
0.000000
0.000529
0.001119
0.001823
0.002681
0.003703
0.004852
0.006031
0.007084
0.007822
0.008087
0.007813
0.007065
0.005995
0.004793
0.003607
0.002529
0.001587
0.000761
0.000000
0.000000
0.000713
0.001515
0.002491
0.003703
0.005177
0.006868
0.008639
0.010246
0.011390
0.011803
0.011379
0.010221
0.008594
0.006792
0.005053
0.003505
0.002181
0.001040
0.000000
0.000000
0.000910
0.001946
0.003227
0.004852
0.006868
0.009232
0.011753
0.014088
0.015771
0.016388
0.015758
0.014057
0.011698
0.009139
0.006717
0.004609
0.002841
0.001347
0.000000
0.000000
0.001104
0.002374
0.003970
0.006031
0.008639
0.011753
0.015145
0.018338
0.020682
0.021546
0.020666
0.018303
0.015082
0.011646
0.008462
0.005744
0.003512
0.001655
0.000000
0.000000
0.001271
0.002746
0.004623
0.007084
0.010246
0.014088
0.018338
0.022412
0.025439
0.026572
0.025422
0.022373
0.018268
0.013969
0.010048
0.006762
0.004104
0.001926
0.000000
0.000000
0.001386
0.003001
0.005076
0.007822
0.011390
0.015771
0.020682
0.025439
0.029020
0.030367
0.029003
0.025399
0.020607
0.015644
0.011179
0.007476
0.004517
0.002113
0.000000
0.000000
0.001426
0.003091
0.005236
0.008087
0.011803
0.016388
0.021546
0.026572
0.030367
0.031803
0.030349
0.026530
0.021470
0.016259
0.011587
0.007733
0.004663
0.002179
0.000000
0.000000
0.001384
0.002997
0.005069
0.007813
0.011379
0.015758
0.020666
0.025422
0.029003
0.030349
0.028985
0.025382
0.020592
0.015631
0.011168
0.007468
0.004512
0.002110
0.000000
0.000000
0.001267
0.002736
0.004608
0.007065
0.010221
0.014057
0.018303
0.022373
0.025399
0.026530
0.025382
0.022335
0.018234
0.013939
0.010024
0.006744
0.004092
0.001920
0.000000
0.000000
0.001096
0.002357
0.003944
0.005995
0.008594
0.011698
0.015082
0.018268
0.020607
0.021470
0.020592
0.018234
0.015020
0.011593
0.008419
0.005712
0.003491
0.001645
0.000000
0.000000
0.000896
0.001918
0.003183
0.004793
0.006792
0.009139
0.011646
0.013969
0.015644
0.016259
0.015631
0.013939
0.011593
0.009049
0.006644
0.004554
0.002806
0.001329
0.000000
0.000000
0.000690
0.001470
0.002421
0.003607
0.005053
0.006717
0.008462
0.010048
0.011179
0.011587
0.011168
0.010024
0.008419
0.006644
0.004935
0.003417
0.002123
0.001011
0.000000
0.000000
0.000495
0.001049
0.001714
0.002529
0.003505
0.004609
0.005744
0.006762
0.007476
0.007733
0.007468
0.006744
0.005712
0.004554
0.003417
0.002390
0.001496
0.000716
0.000000
0.000000
0.000316
0.000667
0.001084
0.001587
0.002181
0.002841
0.003512
0.004104
0.004517
0.004663
0.004512
0.004092
0.003491
0.002806
0.002123
0.001496
0.000943
0.000453
0.000000
0.000000
0.000154
0.000323
0.000523
0.000761
0.001040
0.001347
0.001655
0.001926
0.002113
0.002179
0.002110
0.001920
0.001645
0.001329
0.001011
0.000716
0.000453
0.000219
0.000000
0.000000
0.000000
0.000000
0.000000
0.000000
0.000000
0.000000
0.000000
0.000000
0.000000
0.000000
0.000000
0.000000
0.000000
0.000000
0.000000
0.000000
0.000000
0.000000
0.000000
0.000000
0.000000
0.000000
0.000000
0.000000
0.000000
0.000000
0.000000
0.000000
0.000000
0.000000
0.000000
0.000000
0.000000
0.000000
0.000000
0.000000
0.000000
0.000000
0.000000
0.000000
0.000176
0.000368
0.000592
0.000857
0.001163
0.001497
0.001830
0.002120
0.002319
0.002390
0.002316
0.002113
0.001817
0.001476
0.001129
0.000804
0.000511
0.000247
0.000000
0.000000
0.000368
0.000774
0.001252
0.001823
0.002491
0.003227
0.003970
0.004623
0.005076
0.005236
0.005069
0.004608
0.003944
0.003183
0.002421
0.001714
0.001084
0.000523
0.000000
0.000000
0.000592
0.001252
0.002039
0.002997
0.004136
0.005418
0.006730
0.007904
0.008724
0.009020
0.008714
0.007881
0.006690
0.005351
0.004028
0.002827
0.001775
0.000852
0.000000
0.000000
0.000857
0.001823
0.002997
0.004456
0.006232
0.008270
0.010407
0.012348
0.013732
0.014231
0.013719
0.012318
0.010352
0.008178
0.006083
0.004218
0.002625
0.001251
0.000000
0.000000
0.001163
0.002491
0.004136
0.006232
0.008842
0.011915
0.015210
0.018274
0.020492
0.021306
0.020474
0.018235
0.015140
0.011797
0.008649
0.005921
0.003644
0.001726
0.000000
0.000000
0.001497
0.003227
0.005418
0.008270
0.011915
0.016312
0.021149
0.025750
0.029153
0.030415
0.029133
0.025703
0.021065
0.016168
0.011678
0.007885
0.004801
0.002257
0.000000
0.000000
0.001830
0.003970
0.006730
0.010407
0.015210
0.021149
0.027842
0.034368
0.039292
0.041153
0.039269
0.034314
0.027744
0.020983
0.014932
0.009952
0.005995
0.002800
0.000000
0.000000
0.002120
0.004623
0.007904
0.012348
0.018274
0.025750
0.034368
0.042954
0.049578
0.052114
0.049552
0.042895
0.034260
0.025564
0.017963
0.011835
0.007068
0.003281
0.000000
0.000000
0.002319
0.005076
0.008724
0.013732
0.020492
0.029153
0.039292
0.049578
0.057641
0.060779
0.057613
0.049515
0.039178
0.028955
0.020159
0.013181
0.007822
0.003618
0.000000
0.000000
0.002390
0.005236
0.009020
0.014231
0.021306
0.030415
0.041153
0.052114
0.060779
0.064170
0.060751
0.052051
0.041036
0.030214
0.020966
0.013667
0.008094
0.003737
0.000000
0.000000
0.002316
0.005069
0.008714
0.013719
0.020474
0.029133
0.039269
0.049552
0.057613
0.060751
0.057586
0.049490
0.039154
0.028935
0.020143
0.013168
0.007814
0.003614
0.000000
0.000000
0.002113
0.004608
0.007881
0.012318
0.018235
0.025703
0.034314
0.042895
0.049515
0.052051
0.049490
0.042837
0.034207
0.025519
0.017926
0.011808
0.007050
0.003272
0.000000
0.000000
0.001817
0.003944
0.006690
0.010352
0.015140
0.021065
0.027744
0.034260
0.039178
0.041036
0.039154
0.034207
0.027649
0.020901
0.014866
0.009903
0.005962
0.002783
0.000000
0.000000
0.001476
0.003183
0.005351
0.008178
0.011797
0.016168
0.020983
0.025564
0.028955
0.030214
0.028935
0.025519
0.020901
0.016029
0.011566
0.007802
0.004746
0.002230
0.000000
0.000000
0.001129
0.002421
0.004028
0.006083
0.008649
0.011678
0.014932
0.017963
0.020159
0.020966
0.020143
0.017926
0.014866
0.011566
0.008464
0.005784
0.003555
0.001682
0.000000
0.000000
0.000804
0.001714
0.002827
0.004218
0.005921
0.007885
0.009952
0.011835
0.013181
0.013667
0.013168
0.011808
0.009903
0.007802
0.005784
0.003999
0.002481
0.001181
0.000000
0.000000
0.000511
0.001084
0.001775
0.002625
0.003644
0.004801
0.005995
0.007068
0.007822
0.008094
0.007814
0.007050
0.005962
0.004746
0.003555
0.002481
0.001551
0.000742
0.000000
0.000000
0.000247
0.000523
0.000852
0.001251
0.001726
0.002257
0.002800
0.003281
0.003618
0.003737
0.003614
0.003272
0.002783
0.002230
0.001682
0.001181
0.000742
0.000356
0.000000
0.000000
0.000000
0.000000
0.000000
0.000000
0.000000
0.000000
0.000000
0.000000
0.000000
0.000000
0.000000
0.000000
0.000000
0.000000
0.000000
0.000000
0.000000
0.000000
0.000000
0.000000
0.000000
0.000000
0.000000
0.000000
0.000000
0.000000
0.000000
0.000000
0.000000
0.000000
0.000000
0.000000
0.000000
0.000000
0.000000
0.000000
0.000000
0.000000
0.000000
0.000000
0.000251
0.000529
0.000857
0.001252
0.001716
0.002229
0.002750
0.003208
0.003527
0.003640
0.003523
0.003198
0.002732
0.002200
0.001669
0.001178
0.000744
0.000358
0.000000
0.000000
0.000529
0.001119
0.001823
0.002681
0.003703
0.004852
0.006031
0.007084
0.007822
0.008087
0.007813
0.007065
0.005995
0.004793
0.003607
0.002529
0.001587
0.000761
0.000000
0.000000
0.000857
0.001823
0.002997
0.004456
0.006232
0.008270
0.010407
0.012348
0.013732
0.014231
0.013719
0.012318
0.010352
0.008178
0.006083
0.004218
0.002625
0.001251
0.000000
0.000000
0.001252
0.002681
0.004456
0.006720
0.009544
0.012877
0.016456
0.019791
0.022208
0.023098
0.022190
0.019749
0.016381
0.012750
0.009337
0.006386
0.003927
0.001859
0.000000
0.000000
0.001716
0.003703
0.006232
0.009544
0.013802
0.018969
0.024692
0.030166
0.034235
0.035750
0.034212
0.030113
0.024596
0.018807
0.013532
0.009106
0.005530
0.002595
0.000000
0.000000
0.002229
0.004852
0.008270
0.012877
0.018969
0.026604
0.035319
0.043924
0.050487
0.052984
0.050459
0.043861
0.035203
0.026405
0.018638
0.012331
0.007385
0.003436
0.000000
0.000000
0.002750
0.006031
0.010407
0.016456
0.024692
0.035319
0.047852
0.060622
0.070667
0.074568
0.070635
0.060549
0.047718
0.035088
0.024302
0.015809
0.009345
0.004310
0.000000
0.000000
0.003208
0.007084
0.012348
0.019791
0.030166
0.043924
0.060622
0.078185
0.092421
0.098105
0.092386
0.078104
0.060473
0.043666
0.029728
0.019059
0.011136
0.005099
0.000000
0.000000
0.003527
0.007822
0.013732
0.022208
0.034235
0.050487
0.070667
0.092421
0.110546
0.117964
0.110509
0.092336
0.070508
0.050212
0.033766
0.021420
0.012419
0.005657
0.000000
0.000000
0.003640
0.008087
0.014231
0.023098
0.035750
0.052984
0.074568
0.098105
0.117964
0.126225
0.117926
0.098018
0.074407
0.052703
0.035270
0.022290
0.012883
0.005858
0.000000
0.000000
0.003523
0.007813
0.013719
0.022190
0.034212
0.050459
0.070635
0.092386
0.110509
0.117926
0.110472
0.092301
0.070477
0.050185
0.033744
0.021404
0.012408
0.005651
0.000000
0.000000
0.003198
0.007065
0.012318
0.019749
0.030113
0.043861
0.060549
0.078104
0.092336
0.098018
0.092301
0.078025
0.060402
0.043604
0.029679
0.019021
0.011112
0.005087
0.000000
0.000000
0.002732
0.005995
0.010352
0.016381
0.024596
0.035203
0.047718
0.060473
0.070508
0.074407
0.070477
0.060402
0.047586
0.034976
0.024212
0.015741
0.009300
0.004287
0.000000
0.000000
0.002200
0.004793
0.008178
0.012750
0.018807
0.026405
0.035088
0.043666
0.050212
0.052703
0.050185
0.043604
0.034976
0.026212
0.018483
0.012216
0.007309
0.003398
0.000000
0.000000
0.001669
0.003607
0.006083
0.009337
0.013532
0.018638
0.024302
0.029728
0.033766
0.035270
0.033744
0.029679
0.024212
0.018483
0.013275
0.008916
0.005405
0.002533
0.000000
0.000000
0.001178
0.002529
0.004218
0.006386
0.009106
0.012331
0.015809
0.019059
0.021420
0.022290
0.021404
0.019021
0.015741
0.012216
0.008916
0.006078
0.003727
0.001761
0.000000
0.000000
0.000744
0.001587
0.002625
0.003927
0.005530
0.007385
0.009345
0.011136
0.012419
0.012883
0.012408
0.011112
0.009300
0.007309
0.005405
0.003727
0.002308
0.001096
0.000000
0.000000
0.000358
0.000761
0.001251
0.001859
0.002595
0.003436
0.004310
0.005099
0.005657
0.005858
0.005651
0.005087
0.004287
0.003398
0.002533
0.001761
0.001096
0.000523
0.000000
0.000000
0.000000
0.000000
0.000000
0.000000
0.000000
0.000000
0.000000
0.000000
0.000000
0.000000
0.000000
0.000000
0.000000
0.000000
0.000000
0.000000
0.000000
0.000000
0.000000
0.000000
0.000000
0.000000
0.000000
0.000000
0.000000
0.000000
0.000000
0.000000
0.000000
0.000000
0.000000
0.000000
0.000000
0.000000
0.000000
0.000000
0.000000
0.000000
0.000000
0.000000
0.000336
0.000713
0.001163
0.001716
0.002375
0.003121
0.003887
0.004574
0.005056
0.005229
0.005050
0.004562
0.003865
0.003083
0.002315
0.001620
0.001015
0.000486
0.000000
0.000000
0.000713
0.001515
0.002491
0.003703
0.005177
0.006868
0.008639
0.010246
0.011390
0.011803
0.011379
0.010221
0.008594
0.006792
0.005053
0.003505
0.002181
0.001040
0.000000
0.000000
0.001163
0.002491
0.004136
0.006232
0.008842
0.011915
0.015210
0.018274
0.020492
0.021306
0.020474
0.018235
0.015140
0.011797
0.008649
0.005921
0.003644
0.001726
0.000000
0.000000
0.001716
0.003703
0.006232
0.009544
0.013802
0.018969
0.024692
0.030166
0.034235
0.035750
0.034212
0.030113
0.024596
0.018807
0.013532
0.009106
0.005530
0.002595
0.000000
0.000000
0.002375
0.005177
0.008842
0.013802
0.020392
0.028689
0.038206
0.047643
0.054868
0.057624
0.054839
0.047576
0.038083
0.028480
0.020042
0.013224
0.007903
0.003671
0.000000
0.000000
0.003121
0.006868
0.011915
0.018969
0.028689
0.041386
0.056547
0.072182
0.084608
0.089472
0.084573
0.072101
0.056399
0.041130
0.028256
0.018247
0.010724
0.004927
0.000000
0.000000
0.003887
0.008639
0.015210
0.024692
0.038206
0.056547
0.079353
0.103921
0.124276
0.132539
0.124235
0.103828
0.079181
0.056247
0.037694
0.023830
0.013772
0.006261
0.000000
0.000000
0.004574
0.010246
0.018274
0.030166
0.047643
0.072182
0.103921
0.139616
0.170585
0.183705
0.170540
0.139513
0.103730
0.071846
0.047067
0.029187
0.016624
0.007486
0.000000
0.000000
0.005056
0.011390
0.020492
0.034235
0.054868
0.084608
0.124276
0.170585
0.212503
0.231145
0.212455
0.170475
0.124072
0.084250
0.054249
0.033178
0.018699
0.008367
0.000000
0.000000
0.005229
0.011803
0.021306
0.035750
0.057624
0.089472
0.132539
0.183705
0.231145
0.252958
0.231097
0.183594
0.132331
0.089106
0.056991
0.034666
0.019463
0.008687
0.000000
0.000000
0.005050
0.011379
0.020474
0.034212
0.054839
0.084573
0.124235
0.170540
0.212455
0.231097
0.212408
0.170431
0.124032
0.084215
0.054222
0.033157
0.018685
0.008360
0.000000
0.000000
0.004562
0.010221
0.018235
0.030113
0.047576
0.072101
0.103828
0.139513
0.170475
0.183594
0.170431
0.139411
0.103638
0.071768
0.047004
0.029140
0.016592
0.007471
0.000000
0.000000
0.003865
0.008594
0.015140
0.024596
0.038083
0.056399
0.079181
0.103730
0.124072
0.132331
0.124032
0.103638
0.079012
0.056103
0.037578
0.023744
0.013714
0.006232
0.000000
0.000000
0.003083
0.006792
0.011797
0.018807
0.028480
0.041130
0.056247
0.071846
0.084250
0.089106
0.084215
0.071768
0.056103
0.040880
0.028056
0.018099
0.010626
0.004878
0.000000
0.000000
0.002315
0.005053
0.008649
0.013532
0.020042
0.028256
0.037694
0.047067
0.054249
0.056991
0.054222
0.047004
0.037578
0.028056
0.019706
0.012977
0.007741
0.003592
0.000000
0.000000
0.001620
0.003505
0.005921
0.009106
0.013224
0.018247
0.023830
0.029187
0.033178
0.034666
0.033157
0.029140
0.023744
0.018099
0.012977
0.008701
0.005267
0.002466
0.000000
0.000000
0.001015
0.002181
0.003644
0.005530
0.007903
0.010724
0.013772
0.016624
0.018699
0.019463
0.018685
0.016592
0.013714
0.010626
0.007741
0.005267
0.003224
0.001521
0.000000
0.000000
0.000486
0.001040
0.001726
0.002595
0.003671
0.004927
0.006261
0.007486
0.008367
0.008687
0.008360
0.007471
0.006232
0.004878
0.003592
0.002466
0.001521
0.000721
0.000000
0.000000
0.000000
0.000000
0.000000
0.000000
0.000000
0.000000
0.000000
0.000000
0.000000
0.000000
0.000000
0.000000
0.000000
0.000000
0.000000
0.000000
0.000000
0.000000
0.000000
0.000000
0.000000
0.000000
0.000000
0.000000
0.000000
0.000000
0.000000
0.000000
0.000000
0.000000
0.000000
0.000000
0.000000
0.000000
0.000000
0.000000
0.000000
0.000000
0.000000
0.000000
0.000428
0.000910
0.001497
0.002229
0.003121
0.004144
0.005217
0.006191
0.006884
0.007134
0.006877
0.006176
0.005190
0.004099
0.003047
0.002111
0.001313
0.000625
0.000000
0.000000
0.000910
0.001946
0.003227
0.004852
0.006868
0.009232
0.011753
0.014088
0.015771
0.016388
0.015758
0.014057
0.011698
0.009139
0.006717
0.004609
0.002841
0.001347
0.000000
0.000000
0.001497
0.003227
0.005418
0.008270
0.011915
0.016312
0.021149
0.025750
0.029153
0.030415
0.029133
0.025703
0.021065
0.016168
0.011678
0.007885
0.004801
0.002257
0.000000
0.000000
0.002229
0.004852
0.008270
0.012877
0.018969
0.026604
0.035319
0.043924
0.050487
0.052984
0.050459
0.043861
0.035203
0.026405
0.018638
0.012331
0.007385
0.003436
0.000000
0.000000
0.003121
0.006868
0.011915
0.018969
0.028689
0.041386
0.056547
0.072182
0.084608
0.089472
0.084573
0.072101
0.056399
0.041130
0.028256
0.018247
0.010724
0.004927
0.000000
0.000000
0.004144
0.009232
0.016312
0.026604
0.041386
0.061614
0.086976
0.114524
0.137518
0.146907
0.137476
0.114426
0.086796
0.061299
0.040848
0.025695
0.014790
0.006706
0.000000
0.000000
0.005217
0.011753
0.021149
0.035319
0.056547
0.086976
0.127202
0.173458
0.214440
0.232114
0.214391
0.173345
0.126992
0.086607
0.055910
0.034230
0.019301
0.008636
0.000000
0.000000
0.006191
0.014088
0.025750
0.043924
0.072182
0.114524
0.173458
0.245443
0.313633
0.345281
0.313579
0.245318
0.173224
0.114109
0.071462
0.042682
0.023619
0.010446
0.000000
0.000000
0.006884
0.015771
0.029153
0.050487
0.084608
0.137518
0.214440
0.313633
0.414176
0.465073
0.414118
0.313501
0.214190
0.137075
0.083833
0.049143
0.026829
0.011765
0.000000
0.000000
0.007134
0.016388
0.030415
0.052984
0.089472
0.146907
0.232114
0.345281
0.465073
0.530317
0.465015
0.345146
0.231859
0.146453
0.088679
0.051604
0.028024
0.012251
0.000000
0.000000
0.006877
0.015758
0.029133
0.050459
0.084573
0.137476
0.214391
0.313579
0.414118
0.465015
0.414061
0.313447
0.214142
0.137034
0.083800
0.049118
0.026812
0.011757
0.000000
0.000000
0.006176
0.014057
0.025703
0.043861
0.072101
0.114426
0.173345
0.245318
0.313501
0.345146
0.313447
0.245195
0.173114
0.114015
0.071386
0.042625
0.023581
0.010427
0.000000
0.000000
0.005190
0.011698
0.021065
0.035203
0.056399
0.086796
0.126992
0.173224
0.214190
0.231859
0.214142
0.173114
0.126785
0.086431
0.055769
0.034125
0.019231
0.008601
0.000000
0.000000
0.004099
0.009139
0.016168
0.026405
0.041130
0.061299
0.086607
0.114109
0.137075
0.146453
0.137034
0.114015
0.086431
0.060991
0.040603
0.025513
0.014671
0.006647
0.000000
0.000000
0.003047
0.006717
0.011678
0.018638
0.028256
0.040848
0.055910
0.071462
0.083833
0.088679
0.083800
0.071386
0.055769
0.040603
0.027840
0.017942
0.010525
0.004829
0.000000
0.000000
0.002111
0.004609
0.007885
0.012331
0.018247
0.025695
0.034230
0.042682
0.049143
0.051604
0.049118
0.042625
0.034125
0.025513
0.017942
0.011825
0.007059
0.003276
0.000000
0.000000
0.001313
0.002841
0.004801
0.007385
0.010724
0.014790
0.019301
0.023619
0.026829
0.028024
0.026812
0.023581
0.019231
0.014671
0.010525
0.007059
0.004273
0.002001
0.000000
0.000000
0.000625
0.001347
0.002257
0.003436
0.004927
0.006706
0.008636
0.010446
0.011765
0.012251
0.011757
0.010427
0.008601
0.006647
0.004829
0.003276
0.002001
0.000942
0.000000
0.000000
0.000000
0.000000
0.000000
0.000000
0.000000
0.000000
0.000000
0.000000
0.000000
0.000000
0.000000
0.000000
0.000000
0.000000
0.000000
0.000000
0.000000
0.000000
0.000000
0.000000
0.000000
0.000000
0.000000
0.000000
0.000000
0.000000
0.000000
0.000000
0.000000
0.000000
0.000000
0.000000
0.000000
0.000000
0.000000
0.000000
0.000000
0.000000
0.000000
0.000000
0.000516
0.001104
0.001830
0.002750
0.003887
0.005217
0.006631
0.007935
0.008873
0.009217
0.008866
0.007918
0.006600
0.005165
0.003801
0.002611
0.001611
0.000764
0.000000
0.000000
0.001104
0.002374
0.003970
0.006031
0.008639
0.011753
0.015145
0.018338
0.020682
0.021546
0.020666
0.018303
0.015082
0.011646
0.008462
0.005744
0.003512
0.001655
0.000000
0.000000
0.001830
0.003970
0.006730
0.010407
0.015210
0.021149
0.027842
0.034368
0.039292
0.041153
0.039269
0.034314
0.027744
0.020983
0.014932
0.009952
0.005995
0.002800
0.000000
0.000000
0.002750
0.006031
0.010407
0.016456
0.024692
0.035319
0.047852
0.060622
0.070667
0.074568
0.070635
0.060549
0.047718
0.035088
0.024302
0.015809
0.009345
0.004310
0.000000
0.000000
0.003887
0.008639
0.015210
0.024692
0.038206
0.056547
0.079353
0.103921
0.124276
0.132539
0.124235
0.103828
0.079181
0.056247
0.037694
0.023830
0.013772
0.006261
0.000000
0.000000
0.005217
0.011753
0.021149
0.035319
0.056547
0.086976
0.127202
0.173458
0.214440
0.232114
0.214391
0.173345
0.126992
0.086607
0.055910
0.034230
0.019301
0.008636
0.000000
0.000000
0.006631
0.015145
0.027842
0.047852
0.079353
0.127202
0.194789
0.278624
0.359250
0.397196
0.359193
0.278493
0.194545
0.126767
0.078596
0.046542
0.025584
0.011267
0.000000
0.000000
0.007935
0.018338
0.034368
0.060622
0.103921
0.173458
0.278624
0.420222
0.570329
0.649903
0.570267
0.420077
0.278351
0.172970
0.103063
0.059123
0.031752
0.013780
0.000000
0.000000
0.008873
0.020682
0.039292
0.070667
0.124276
0.214440
0.359250
0.570329
0.818682
0.971717
0.818616
0.570175
0.358958
0.213916
0.123351
0.069040
0.036431
0.015645
0.000000
0.000000
0.009217
0.021546
0.041153
0.074568
0.132539
0.232114
0.397196
0.649903
0.971717
1.201347
0.971650
0.649746
0.396898
0.231579
0.131591
0.072897
0.038204
0.016339
0.000000
0.000000
0.008866
0.020666
0.039269
0.070635
0.124235
0.214391
0.359193
0.570267
0.818616
0.971650
0.818549
0.570113
0.358903
0.213869
0.123313
0.069011
0.036412
0.015636
0.000000
0.000000
0.007918
0.018303
0.034314
0.060549
0.103828
0.173345
0.278493
0.420077
0.570175
0.649746
0.570113
0.419933
0.278222
0.172861
0.102975
0.059057
0.031709
0.013759
0.000000
0.000000
0.006600
0.015082
0.027744
0.047718
0.079181
0.126992
0.194545
0.278351
0.358958
0.396898
0.358903
0.278222
0.194304
0.126563
0.078432
0.046420
0.025503
0.011227
0.000000
0.000000
0.005165
0.011646
0.020983
0.035088
0.056247
0.086607
0.126767
0.172970
0.213916
0.231579
0.213869
0.172861
0.126563
0.086246
0.055623
0.034019
0.019162
0.008567
0.000000
0.000000
0.003801
0.008462
0.014932
0.024302
0.037694
0.055910
0.078596
0.103063
0.123351
0.131591
0.123313
0.102975
0.078432
0.055623
0.037203
0.023471
0.013538
0.006146
0.000000
0.000000
0.002611
0.005744
0.009952
0.015809
0.023830
0.034230
0.046542
0.059123
0.069040
0.072897
0.069011
0.059057
0.046420
0.034019
0.023471
0.015208
0.008958
0.004121
0.000000
0.000000
0.001611
0.003512
0.005995
0.009345
0.013772
0.019301
0.025584
0.031752
0.036431
0.038204
0.036412
0.031709
0.025503
0.019162
0.013538
0.008958
0.005363
0.002493
0.000000
0.000000
0.000764
0.001655
0.002800
0.004310
0.006261
0.008636
0.011267
0.013780
0.015645
0.016339
0.015636
0.013759
0.011227
0.008567
0.006146
0.004121
0.002493
0.001167
0.000000
0.000000
0.000000
0.000000
0.000000
0.000000
0.000000
0.000000
0.000000
0.000000
0.000000
0.000000
0.000000
0.000000
0.000000
0.000000
0.000000
0.000000
0.000000
0.000000
0.000000
0.000000
0.000000
0.000000
0.000000
0.000000
0.000000
0.000000
0.000000
0.000000
0.000000
0.000000
0.000000
0.000000
0.000000
0.000000
0.000000
0.000000
0.000000
0.000000
0.000000
0.000000
0.000592
0.001271
0.002120
0.003208
0.004574
0.006191
0.007935
0.009564
0.010750
0.011185
0.010741
0.009545
0.007901
0.006132
0.004478
0.003053
0.001873
0.000885
0.000000
0.000000
0.001271
0.002746
0.004623
0.007084
0.010246
0.014088
0.018338
0.022412
0.025439
0.026572
0.025422
0.022373
0.018268
0.013969
0.010048
0.006762
0.004104
0.001926
0.000000
0.000000
0.002120
0.004623
0.007904
0.012348
0.018274
0.025750
0.034368
0.042954
0.049578
0.052114
0.049552
0.042895
0.034260
0.025564
0.017963
0.011835
0.007068
0.003281
0.000000
0.000000
0.003208
0.007084
0.012348
0.019791
0.030166
0.043924
0.060622
0.078185
0.092421
0.098105
0.092386
0.078104
0.060473
0.043666
0.029728
0.019059
0.011136
0.005099
0.000000
0.000000
0.004574
0.010246
0.018274
0.030166
0.047643
0.072182
0.103921
0.139616
0.170585
0.183705
0.170540
0.139513
0.103730
0.071846
0.047067
0.029187
0.016624
0.007486
0.000000
0.000000
0.006191
0.014088
0.025750
0.043924
0.072182
0.114524
0.173458
0.245443
0.313633
0.345281
0.313579
0.245318
0.173224
0.114109
0.071462
0.042682
0.023619
0.010446
0.000000
0.000000
0.007935
0.018338
0.034368
0.060622
0.103921
0.173458
0.278624
0.420222
0.570329
0.649903
0.570267
0.420077
0.278351
0.172970
0.103063
0.059123
0.031752
0.013780
0.000000
0.000000
0.009564
0.022412
0.042954
0.078185
0.139616
0.245443
0.420222
0.683083
1.002869
1.207152
1.002799
0.682922
0.419917
0.244894
0.138643
0.076465
0.039914
0.017026
0.000000
0.000000
0.010750
0.025439
0.049578
0.092421
0.170585
0.313633
0.570329
1.002869
1.618544
2.119614
1.618470
1.002697
0.570003
0.313044
0.169533
0.090551
0.046242
0.019468
0.000000
0.000000
0.011185
0.026572
0.052114
0.098105
0.183705
0.345281
0.649903
1.207152
2.119614
3.091420
2.119539
1.206977
0.649570
0.344678
0.182627
0.096182
0.048675
0.020388
0.000000
0.000000
0.010741
0.025422
0.049552
0.092386
0.170540
0.313579
0.570267
1.002799
1.618470
2.119539
1.618397
1.002629
0.569942
0.312992
0.169491
0.090519
0.046221
0.019457
0.000000
0.000000
0.009545
0.022373
0.042895
0.078104
0.139513
0.245318
0.420077
0.682922
1.002697
1.206977
1.002629
0.682763
0.419774
0.244773
0.138545
0.076392
0.039866
0.017002
0.000000
0.000000
0.007901
0.018268
0.034260
0.060473
0.103730
0.173224
0.278351
0.419917
0.570003
0.649570
0.569942
0.419774
0.278081
0.172742
0.102881
0.058988
0.031663
0.013736
0.000000
0.000000
0.006132
0.013969
0.025564
0.043666
0.071846
0.114109
0.172970
0.244894
0.313044
0.344678
0.312992
0.244773
0.172742
0.113705
0.071141
0.042446
0.023464
0.010369
0.000000
0.000000
0.004478
0.010048
0.017963
0.029728
0.047067
0.071462
0.103063
0.138643
0.169533
0.182627
0.169491
0.138545
0.102881
0.071141
0.046513
0.028783
0.016362
0.007358
0.000000
0.000000
0.003053
0.006762
0.011835
0.019059
0.029187
0.042682
0.059123
0.076465
0.090551
0.096182
0.090519
0.076392
0.058988
0.042446
0.028783
0.018377
0.010699
0.004886
0.000000
0.000000
0.001873
0.004104
0.007068
0.011136
0.016624
0.023619
0.031752
0.039914
0.046242
0.048675
0.046221
0.039866
0.031663
0.023464
0.016362
0.010699
0.006347
0.002933
0.000000
0.000000
0.000885
0.001926
0.003281
0.005099
0.007486
0.010446
0.013780
0.017026
0.019468
0.020388
0.019457
0.017002
0.013736
0.010369
0.007358
0.004886
0.002933
0.001366
0.000000
0.000000
0.000000
0.000000
0.000000
0.000000
0.000000
0.000000
0.000000
0.000000
0.000000
0.000000
0.000000
0.000000
0.000000
0.000000
0.000000
0.000000
0.000000
0.000000
0.000000
0.000000
0.000000
0.000000
0.000000
0.000000
0.000000
0.000000
0.000000
0.000000
0.000000
0.000000
0.000000
0.000000
0.000000
0.000000
0.000000
0.000000
0.000000
0.000000
0.000000
0.000000
0.000644
0.001386
0.002319
0.003527
0.005056
0.006884
0.008873
0.010750
0.012125
0.012634
0.012116
0.010730
0.008837
0.006822
0.004953
0.003361
0.002053
0.000968
0.000000
0.000000
0.001386
0.003001
0.005076
0.007822
0.011390
0.015771
0.020682
0.025439
0.029020
0.030367
0.029003
0.025399
0.020607
0.015644
0.011179
0.007476
0.004517
0.002113
0.000000
0.000000
0.002319
0.005076
0.008724
0.013732
0.020492
0.029153
0.039292
0.049578
0.057641
0.060779
0.057613
0.049515
0.039178
0.028955
0.020159
0.013181
0.007822
0.003618
0.000000
0.000000
0.003527
0.007822
0.013732
0.022208
0.034235
0.050487
0.070667
0.092421
0.110546
0.117964
0.110509
0.092336
0.070508
0.050212
0.033766
0.021420
0.012419
0.005657
0.000000
0.000000
0.005056
0.011390
0.020492
0.034235
0.054868
0.084608
0.124276
0.170585
0.212503
0.231145
0.212455
0.170475
0.124072
0.084250
0.054249
0.033178
0.018699
0.008367
0.000000
0.000000
0.006884
0.015771
0.029153
0.050487
0.084608
0.137518
0.214440
0.313633
0.414176
0.465073
0.414118
0.313501
0.214190
0.137075
0.083833
0.049143
0.026829
0.011765
0.000000
0.000000
0.008873
0.020682
0.039292
0.070667
0.124276
0.214440
0.359250
0.570329
0.818682
0.971717
0.818616
0.570175
0.358958
0.213916
0.123351
0.069040
0.036431
0.015645
0.000000
0.000000
0.010750
0.025439
0.049578
0.092421
0.170585
0.313633
0.570329
1.002869
1.618544
2.119614
1.618470
1.002697
0.570003
0.313044
0.169533
0.090551
0.046242
0.019468
0.000000
0.000000
0.012125
0.029020
0.057641
0.110546
0.212503
0.414176
0.818682
1.618544
3.052253
4.740336
3.052175
1.618361
0.818333
0.413542
0.211367
0.108510
0.053976
0.022382
0.000000
0.000000
0.012634
0.030367
0.060779
0.117964
0.231145
0.465073
0.971717
2.119614
4.740336
9.641723
4.740257
2.119427
0.971361
0.464425
0.229980
0.115870
0.056996
0.023488
0.000000
0.000000
0.012116
0.029003
0.057613
0.110509
0.212455
0.414118
0.818616
1.618470
3.052175
4.740257
3.052097
1.618288
0.818268
0.413486
0.211322
0.108476
0.053954
0.022371
0.000000
0.000000
0.010730
0.025399
0.049515
0.092336
0.170475
0.313501
0.570175
1.002697
1.618361
2.119427
1.618288
1.002527
0.569851
0.312915
0.169430
0.090474
0.046191
0.019442
0.000000
0.000000
0.008837
0.020607
0.039178
0.070508
0.124072
0.214190
0.358958
0.570003
0.818333
0.971361
0.818268
0.569851
0.358671
0.213673
0.123157
0.068895
0.036336
0.015598
0.000000
0.000000
0.006822
0.015644
0.028955
0.050212
0.084250
0.137075
0.213916
0.313044
0.413542
0.464425
0.413486
0.312915
0.213673
0.136641
0.083490
0.048890
0.026663
0.011683
0.000000
0.000000
0.004953
0.011179
0.020159
0.033766
0.054249
0.083833
0.123351
0.169533
0.211367
0.229980
0.211322
0.169430
0.123157
0.083490
0.053655
0.032745
0.018418
0.008229
0.000000
0.000000
0.003361
0.007476
0.013181
0.021420
0.033178
0.049143
0.069040
0.090551
0.108510
0.115870
0.108476
0.090474
0.068895
0.048890
0.032745
0.020685
0.011948
0.005428
0.000000
0.000000
0.002053
0.004517
0.007822
0.012419
0.018699
0.026829
0.036431
0.046242
0.053976
0.056996
0.053954
0.046191
0.036336
0.026663
0.018418
0.011948
0.007042
0.003241
0.000000
0.000000
0.000968
0.002113
0.003618
0.005657
0.008367
0.011765
0.015645
0.019468
0.022382
0.023488
0.022371
0.019442
0.015598
0.011683
0.008229
0.005428
0.003241
0.001504
0.000000
0.000000
0.000000
0.000000
0.000000
0.000000
0.000000
0.000000
0.000000
0.000000
0.000000
0.000000
0.000000
0.000000
0.000000
0.000000
0.000000
0.000000
0.000000
0.000000
0.000000
0.000000
0.000000
0.000000
0.000000
0.000000
0.000000
0.000000
0.000000
0.000000
0.000000
0.000000
0.000000
0.000000
0.000000
0.000000
0.000000
0.000000
0.000000
0.000000
0.000000
0.000000
0.000662
0.001426
0.002390
0.003640
0.005229
0.007134
0.009217
0.011185
0.012634
0.013170
0.012625
0.011164
0.009180
0.007071
0.005125
0.003470
0.002117
0.000997
0.000000
0.000000
0.001426
0.003091
0.005236
0.008087
0.011803
0.016388
0.021546
0.026572
0.030367
0.031803
0.030349
0.026530
0.021470
0.016259
0.011587
0.007733
0.004663
0.002179
0.000000
0.000000
0.002390
0.005236
0.009020
0.014231
0.021306
0.030415
0.041153
0.052114
0.060779
0.064170
0.060751
0.052051
0.041036
0.030214
0.020966
0.013667
0.008094
0.003737
0.000000
0.000000
0.003640
0.008087
0.014231
0.023098
0.035750
0.052984
0.074568
0.098105
0.117964
0.126225
0.117926
0.098018
0.074407
0.052703
0.035270
0.022290
0.012883
0.005858
0.000000
0.000000
0.005229
0.011803
0.021306
0.035750
0.057624
0.089472
0.132539
0.183705
0.231145
0.252958
0.231097
0.183594
0.132331
0.089106
0.056991
0.034666
0.019463
0.008687
0.000000
0.000000
0.007134
0.016388
0.030415
0.052984
0.089472
0.146907
0.232114
0.345281
0.465073
0.530317
0.465015
0.345146
0.231859
0.146453
0.088679
0.051604
0.028024
0.012251
0.000000
0.000000
0.009217
0.021546
0.041153
0.074568
0.132539
0.232114
0.397196
0.649903
0.971717
1.201347
0.971650
0.649746
0.396898
0.231579
0.131591
0.072897
0.038204
0.016339
0.000000
0.000000
0.011185
0.026572
0.052114
0.098105
0.183705
0.345281
0.649903
1.207152
2.119614
3.091420
2.119539
1.206977
0.649570
0.344678
0.182627
0.096182
0.048675
0.020388
0.000000
0.000000
0.012634
0.030367
0.060779
0.117964
0.231145
0.465073
0.971717
2.119614
4.740336
9.641723
4.740257
2.119427
0.971361
0.464425
0.229980
0.115870
0.056996
0.023488
0.000000
0.000000
0.013170
0.031803
0.064170
0.126225
0.252958
0.530317
1.201347
3.091420
9.641723
38.208220
9.641642
3.091230
1.200983
0.529653
0.251762
0.124070
0.060266
0.024671
0.000000
0.000000
0.012625
0.030349
0.060751
0.117926
0.231097
0.465015
0.971650
2.119539
4.740257
9.641642
4.740177
2.119353
0.971295
0.464369
0.229934
0.115835
0.056974
0.023476
0.000000
0.000000
0.011164
0.026530
0.052051
0.098018
0.183594
0.345146
0.649746
1.206977
2.119427
3.091230
2.119353
1.206804
0.649415
0.344546
0.182522
0.096103
0.048622
0.020362
0.000000
0.000000
0.009180
0.021470
0.041036
0.074407
0.132331
0.231859
0.396898
0.649570
0.971361
1.200983
0.971295
0.649415
0.396605
0.231331
0.131393
0.072750
0.038108
0.016291
0.000000
0.000000
0.007071
0.016259
0.030214
0.052703
0.089106
0.146453
0.231579
0.344678
0.464425
0.529653
0.464369
0.344546
0.231331
0.146010
0.088328
0.051346
0.027855
0.012168
0.000000
0.000000
0.005125
0.011587
0.020966
0.035270
0.056991
0.088679
0.131591
0.182627
0.229980
0.251762
0.229934
0.182522
0.131393
0.088328
0.056381
0.034223
0.019175
0.008546
0.000000
0.000000
0.003470
0.007733
0.013667
0.022290
0.034666
0.051604
0.072897
0.096182
0.115870
0.124070
0.115835
0.096103
0.072750
0.051346
0.034223
0.021536
0.012401
0.005624
0.000000
0.000000
0.002117
0.004663
0.008094
0.012883
0.019463
0.028024
0.038204
0.048675
0.056996
0.060266
0.056974
0.048622
0.038108
0.027855
0.019175
0.012401
0.007293
0.003351
0.000000
0.000000
0.000997
0.002179
0.003737
0.005858
0.008687
0.012251
0.016339
0.020388
0.023488
0.024671
0.023476
0.020362
0.016291
0.012168
0.008546
0.005624
0.003351
0.001553
0.000000
0.000000
0.000000
0.000000
0.000000
0.000000
0.000000
0.000000
0.000000
0.000000
0.000000
0.000000
0.000000
0.000000
0.000000
0.000000
0.000000
0.000000
0.000000
0.000000
0.000000
0.000000
0.000000
0.000000
0.000000
0.000000
0.000000
0.000000
0.000000
0.000000
0.000000
0.000000
0.000000
0.000000
0.000000
0.000000
0.000000
0.000000
0.000000
0.000000
0.000000
0.000000
0.000643
0.001384
0.002316
0.003523
0.005050
0.006877
0.008866
0.010741
0.012116
0.012625
0.012107
0.010722
0.008830
0.006816
0.004948
0.003357
0.002051
0.000966
0.000000
0.000000
0.001384
0.002997
0.005069
0.007813
0.011379
0.015758
0.020666
0.025422
0.029003
0.030349
0.028985
0.025382
0.020592
0.015631
0.011168
0.007468
0.004512
0.002110
0.000000
0.000000
0.002316
0.005069
0.008714
0.013719
0.020474
0.029133
0.039269
0.049552
0.057613
0.060751
0.057586
0.049490
0.039154
0.028935
0.020143
0.013168
0.007814
0.003614
0.000000
0.000000
0.003523
0.007813
0.013719
0.022190
0.034212
0.050459
0.070635
0.092386
0.110509
0.117926
0.110472
0.092301
0.070477
0.050185
0.033744
0.021404
0.012408
0.005651
0.000000
0.000000
0.005050
0.011379
0.020474
0.034212
0.054839
0.084573
0.124235
0.170540
0.212455
0.231097
0.212408
0.170431
0.124032
0.084215
0.054222
0.033157
0.018685
0.008360
0.000000
0.000000
0.006877
0.015758
0.029133
0.050459
0.084573
0.137476
0.214391
0.313579
0.414118
0.465015
0.414061
0.313447
0.214142
0.137034
0.083800
0.049118
0.026812
0.011757
0.000000
0.000000
0.008866
0.020666
0.039269
0.070635
0.124235
0.214391
0.359193
0.570267
0.818616
0.971650
0.818549
0.570113
0.358903
0.213869
0.123313
0.069011
0.036412
0.015636
0.000000
0.000000
0.010741
0.025422
0.049552
0.092386
0.170540
0.313579
0.570267
1.002799
1.618470
2.119539
1.618397
1.002629
0.569942
0.312992
0.169491
0.090519
0.046221
0.019457
0.000000
0.000000
0.012116
0.029003
0.057613
0.110509
0.212455
0.414118
0.818616
1.618470
3.052175
4.740257
3.052097
1.618288
0.818268
0.413486
0.211322
0.108476
0.053954
0.022371
0.000000
0.000000
0.012625
0.030349
0.060751
0.117926
0.231097
0.465015
0.971650
2.119539
4.740257
9.641642
4.740177
2.119353
0.971295
0.464369
0.229934
0.115835
0.056974
0.023476
0.000000
0.000000
0.012107
0.028985
0.057586
0.110472
0.212408
0.414061
0.818549
1.618397
3.052097
4.740177
3.052020
1.618216
0.818203
0.413431
0.211277
0.108442
0.053931
0.022360
0.000000
0.000000
0.010722
0.025382
0.049490
0.092301
0.170431
0.313447
0.570113
1.002629
1.618288
2.119353
1.618216
1.002460
0.569790
0.312863
0.169388
0.090442
0.046170
0.019432
0.000000
0.000000
0.008830
0.020592
0.039154
0.070477
0.124032
0.214142
0.358903
0.569942
0.818268
0.971295
0.818203
0.569790
0.358616
0.213627
0.123119
0.068867
0.036318
0.015589
0.000000
0.000000
0.006816
0.015631
0.028935
0.050185
0.084215
0.137034
0.213869
0.312992
0.413486
0.464369
0.413431
0.312863
0.213627
0.136601
0.083458
0.048866
0.026647
0.011675
0.000000
0.000000
0.004948
0.011168
0.020143
0.033744
0.054222
0.083800
0.123313
0.169491
0.211322
0.229934
0.211277
0.169388
0.123119
0.083458
0.053628
0.032725
0.018404
0.008223
0.000000
0.000000
0.003357
0.007468
0.013168
0.021404
0.033157
0.049118
0.069011
0.090519
0.108476
0.115835
0.108442
0.090442
0.068867
0.048866
0.032725
0.020671
0.011938
0.005423
0.000000
0.000000
0.002051
0.004512
0.007814
0.012408
0.018685
0.026812
0.036412
0.046221
0.053954
0.056974
0.053931
0.046170
0.036318
0.026647
0.018404
0.011938
0.007035
0.003238
0.000000
0.000000
0.000966
0.002110
0.003614
0.005651
0.008360
0.011757
0.015636
0.019457
0.022371
0.023476
0.022360
0.019432
0.015589
0.011675
0.008223
0.005423
0.003238
0.001502
0.000000
0.000000
0.000000
0.000000
0.000000
0.000000
0.000000
0.000000
0.000000
0.000000
0.000000
0.000000
0.000000
0.000000
0.000000
0.000000
0.000000
0.000000
0.000000
0.000000
0.000000
0.000000
0.000000
0.000000
0.000000
0.000000
0.000000
0.000000
0.000000
0.000000
0.000000
0.000000
0.000000
0.000000
0.000000
0.000000
0.000000
0.000000
0.000000
0.000000
0.000000
0.000000
0.000590
0.001267
0.002113
0.003198
0.004562
0.006176
0.007918
0.009545
0.010730
0.011164
0.010722
0.009526
0.007884
0.006118
0.004466
0.003044
0.001867
0.000882
0.000000
0.000000
0.001267
0.002736
0.004608
0.007065
0.010221
0.014057
0.018303
0.022373
0.025399
0.026530
0.025382
0.022335
0.018234
0.013939
0.010024
0.006744
0.004092
0.001920
0.000000
0.000000
0.002113
0.004608
0.007881
0.012318
0.018235
0.025703
0.034314
0.042895
0.049515
0.052051
0.049490
0.042837
0.034207
0.025519
0.017926
0.011808
0.007050
0.003272
0.000000
0.000000
0.003198
0.007065
0.012318
0.019749
0.030113
0.043861
0.060549
0.078104
0.092336
0.098018
0.092301
0.078025
0.060402
0.043604
0.029679
0.019021
0.011112
0.005087
0.000000
0.000000
0.004562
0.010221
0.018235
0.030113
0.047576
0.072101
0.103828
0.139513
0.170475
0.183594
0.170431
0.139411
0.103638
0.071768
0.047004
0.029140
0.016592
0.007471
0.000000
0.000000
0.006176
0.014057
0.025703
0.043861
0.072101
0.114426
0.173345
0.245318
0.313501
0.345146
0.313447
0.245195
0.173114
0.114015
0.071386
0.042625
0.023581
0.010427
0.000000
0.000000
0.007918
0.018303
0.034314
0.060549
0.103828
0.173345
0.278493
0.420077
0.570175
0.649746
0.570113
0.419933
0.278222
0.172861
0.102975
0.059057
0.031709
0.013759
0.000000
0.000000
0.009545
0.022373
0.042895
0.078104
0.139513
0.245318
0.420077
0.682922
1.002697
1.206977
1.002629
0.682763
0.419774
0.244773
0.138545
0.076392
0.039866
0.017002
0.000000
0.000000
0.010730
0.025399
0.049515
0.092336
0.170475
0.313501
0.570175
1.002697
1.618361
2.119427
1.618288
1.002527
0.569851
0.312915
0.169430
0.090474
0.046191
0.019442
0.000000
0.000000
0.011164
0.026530
0.052051
0.098018
0.183594
0.345146
0.649746
1.206977
2.119427
3.091230
2.119353
1.206804
0.649415
0.344546
0.182522
0.096103
0.048622
0.020362
0.000000
0.000000
0.010722
0.025382
0.049490
0.092301
0.170431
0.313447
0.570113
1.002629
1.618288
2.119353
1.618216
1.002460
0.569790
0.312863
0.169388
0.090442
0.046170
0.019432
0.000000
0.000000
0.009526
0.022335
0.042837
0.078025
0.139411
0.245195
0.419933
0.682763
1.002527
1.206804
1.002460
0.682604
0.419633
0.244652
0.138449
0.076319
0.039818
0.016978
0.000000
0.000000
0.007884
0.018234
0.034207
0.060402
0.103638
0.173114
0.278222
0.419774
0.569851
0.649415
0.569790
0.419633
0.277955
0.172635
0.102794
0.058923
0.031620
0.013715
0.000000
0.000000
0.006118
0.013939
0.025519
0.043604
0.071768
0.114015
0.172861
0.244773
0.312915
0.344546
0.312863
0.244652
0.172635
0.113613
0.071067
0.042390
0.023427
0.010351
0.000000
0.000000
0.004466
0.010024
0.017926
0.029679
0.047004
0.071386
0.102975
0.138545
0.169430
0.182522
0.169388
0.138449
0.102794
0.071067
0.046453
0.028738
0.016332
0.007343
0.000000
0.000000
0.003044
0.006744
0.011808
0.019021
0.029140
0.042625
0.059057
0.076392
0.090474
0.096103
0.090442
0.076319
0.058923
0.042390
0.028738
0.018343
0.010676
0.004875
0.000000
0.000000
0.001867
0.004092
0.007050
0.011112
0.016592
0.023581
0.031709
0.039866
0.046191
0.048622
0.046170
0.039818
0.031620
0.023427
0.016332
0.010676
0.006332
0.002925
0.000000
0.000000
0.000882
0.001920
0.003272
0.005087
0.007471
0.010427
0.013759
0.017002
0.019442
0.020362
0.019432
0.016978
0.013715
0.010351
0.007343
0.004875
0.002925
0.001362
0.000000
0.000000
0.000000
0.000000
0.000000
0.000000
0.000000
0.000000
0.000000
0.000000
0.000000
0.000000
0.000000
0.000000
0.000000
0.000000
0.000000
0.000000
0.000000
0.000000
0.000000
0.000000
0.000000
0.000000
0.000000
0.000000
0.000000
0.000000
0.000000
0.000000
0.000000
0.000000
0.000000
0.000000
0.000000
0.000000
0.000000
0.000000
0.000000
0.000000
0.000000
0.000000
0.000512
0.001096
0.001817
0.002732
0.003865
0.005190
0.006600
0.007901
0.008837
0.009180
0.008830
0.007884
0.006569
0.005139
0.003780
0.002595
0.001601
0.000759
0.000000
0.000000
0.001096
0.002357
0.003944
0.005995
0.008594
0.011698
0.015082
0.018268
0.020607
0.021470
0.020592
0.018234
0.015020
0.011593
0.008419
0.005712
0.003491
0.001645
0.000000
0.000000
0.001817
0.003944
0.006690
0.010352
0.015140
0.021065
0.027744
0.034260
0.039178
0.041036
0.039154
0.034207
0.027649
0.020901
0.014866
0.009903
0.005962
0.002783
0.000000
0.000000
0.002732
0.005995
0.010352
0.016381
0.024596
0.035203
0.047718
0.060473
0.070508
0.074407
0.070477
0.060402
0.047586
0.034976
0.024212
0.015741
0.009300
0.004287
0.000000
0.000000
0.003865
0.008594
0.015140
0.024596
0.038083
0.056399
0.079181
0.103730
0.124072
0.132331
0.124032
0.103638
0.079012
0.056103
0.037578
0.023744
0.013714
0.006232
0.000000
0.000000
0.005190
0.011698
0.021065
0.035203
0.056399
0.086796
0.126992
0.173224
0.214190
0.231859
0.214142
0.173114
0.126785
0.086431
0.055769
0.034125
0.019231
0.008601
0.000000
0.000000
0.006600
0.015082
0.027744
0.047718
0.079181
0.126992
0.194545
0.278351
0.358958
0.396898
0.358903
0.278222
0.194304
0.126563
0.078432
0.046420
0.025503
0.011227
0.000000
0.000000
0.007901
0.018268
0.034260
0.060473
0.103730
0.173224
0.278351
0.419917
0.570003
0.649570
0.569942
0.419774
0.278081
0.172742
0.102881
0.058988
0.031663
0.013736
0.000000
0.000000
0.008837
0.020607
0.039178
0.070508
0.124072
0.214190
0.358958
0.570003
0.818333
0.971361
0.818268
0.569851
0.358671
0.213673
0.123157
0.068895
0.036336
0.015598
0.000000
0.000000
0.009180
0.021470
0.041036
0.074407
0.132331
0.231859
0.396898
0.649570
0.971361
1.200983
0.971295
0.649415
0.396605
0.231331
0.131393
0.072750
0.038108
0.016291
0.000000
0.000000
0.008830
0.020592
0.039154
0.070477
0.124032
0.214142
0.358903
0.569942
0.818268
0.971295
0.818203
0.569790
0.358616
0.213627
0.123119
0.068867
0.036318
0.015589
0.000000
0.000000
0.007884
0.018234
0.034207
0.060402
0.103638
0.173114
0.278222
0.419774
0.569851
0.649415
0.569790
0.419633
0.277955
0.172635
0.102794
0.058923
0.031620
0.013715
0.000000
0.000000
0.006569
0.015020
0.027649
0.047586
0.079012
0.126785
0.194304
0.278081
0.358671
0.396605
0.358616
0.277955
0.194066
0.126361
0.078271
0.046300
0.025424
0.011187
0.000000
0.000000
0.005139
0.011593
0.020901
0.034976
0.056103
0.086431
0.126563
0.172742
0.213673
0.231331
0.213627
0.172635
0.126361
0.086075
0.055486
0.033916
0.019094
0.008534
0.000000
0.000000
0.003780
0.008419
0.014866
0.024212
0.037578
0.055769
0.078432
0.102881
0.123157
0.131393
0.123119
0.102794
0.078271
0.055486
0.037093
0.023388
0.013484
0.006119
0.000000
0.000000
0.002595
0.005712
0.009903
0.015741
0.023744
0.034125
0.046420
0.058988
0.068895
0.072750
0.068867
0.058923
0.046300
0.033916
0.023388
0.015146
0.008917
0.004101
0.000000
0.000000
0.001601
0.003491
0.005962
0.009300
0.013714
0.019231
0.025503
0.031663
0.036336
0.038108
0.036318
0.031620
0.025424
0.019094
0.013484
0.008917
0.005336
0.002480
0.000000
0.000000
0.000759
0.001645
0.002783
0.004287
0.006232
0.008601
0.011227
0.013736
0.015598
0.016291
0.015589
0.013715
0.011187
0.008534
0.006119
0.004101
0.002480
0.001160
0.000000
0.000000
0.000000
0.000000
0.000000
0.000000
0.000000
0.000000
0.000000
0.000000
0.000000
0.000000
0.000000
0.000000
0.000000
0.000000
0.000000
0.000000
0.000000
0.000000
0.000000
0.000000
0.000000
0.000000
0.000000
0.000000
0.000000
0.000000
0.000000
0.000000
0.000000
0.000000
0.000000
0.000000
0.000000
0.000000
0.000000
0.000000
0.000000
0.000000
0.000000
0.000000
0.000421
0.000896
0.001476
0.002200
0.003083
0.004099
0.005165
0.006132
0.006822
0.007071
0.006816
0.006118
0.005139
0.004055
0.003012
0.002085
0.001295
0.000617
0.000000
0.000000
0.000896
0.001918
0.003183
0.004793
0.006792
0.009139
0.011646
0.013969
0.015644
0.016259
0.015631
0.013939
0.011593
0.009049
0.006644
0.004554
0.002806
0.001329
0.000000
0.000000
0.001476
0.003183
0.005351
0.008178
0.011797
0.016168
0.020983
0.025564
0.028955
0.030214
0.028935
0.025519
0.020901
0.016029
0.011566
0.007802
0.004746
0.002230
0.000000
0.000000
0.002200
0.004793
0.008178
0.012750
0.018807
0.026405
0.035088
0.043666
0.050212
0.052703
0.050185
0.043604
0.034976
0.026212
0.018483
0.012216
0.007309
0.003398
0.000000
0.000000
0.003083
0.006792
0.011797
0.018807
0.028480
0.041130
0.056247
0.071846
0.084250
0.089106
0.084215
0.071768
0.056103
0.040880
0.028056
0.018099
0.010626
0.004878
0.000000
0.000000
0.004099
0.009139
0.016168
0.026405
0.041130
0.061299
0.086607
0.114109
0.137075
0.146453
0.137034
0.114015
0.086431
0.060991
0.040603
0.025513
0.014671
0.006647
0.000000
0.000000
0.005165
0.011646
0.020983
0.035088
0.056247
0.086607
0.126767
0.172970
0.213916
0.231579
0.213869
0.172861
0.126563
0.086246
0.055623
0.034019
0.019162
0.008567
0.000000
0.000000
0.006132
0.013969
0.025564
0.043666
0.071846
0.114109
0.172970
0.244894
0.313044
0.344678
0.312992
0.244773
0.172742
0.113705
0.071141
0.042446
0.023464
0.010369
0.000000
0.000000
0.006822
0.015644
0.028955
0.050212
0.084250
0.137075
0.213916
0.313044
0.413542
0.464425
0.413486
0.312915
0.213673
0.136641
0.083490
0.048890
0.026663
0.011683
0.000000
0.000000
0.007071
0.016259
0.030214
0.052703
0.089106
0.146453
0.231579
0.344678
0.464425
0.529653
0.464369
0.344546
0.231331
0.146010
0.088328
0.051346
0.027855
0.012168
0.000000
0.000000
0.006816
0.015631
0.028935
0.050185
0.084215
0.137034
0.213869
0.312992
0.413486
0.464369
0.413431
0.312863
0.213627
0.136601
0.083458
0.048866
0.026647
0.011675
0.000000
0.000000
0.006118
0.013939
0.025519
0.043604
0.071768
0.114015
0.172861
0.244773
0.312915
0.344546
0.312863
0.244652
0.172635
0.113613
0.071067
0.042390
0.023427
0.010351
0.000000
0.000000
0.005139
0.011593
0.020901
0.034976
0.056103
0.086431
0.126563
0.172742
0.213673
0.231331
0.213627
0.172635
0.126361
0.086075
0.055486
0.033916
0.019094
0.008534
0.000000
0.000000
0.004055
0.009049
0.016029
0.026212
0.040880
0.060991
0.086246
0.113705
0.136641
0.146010
0.136601
0.113613
0.086075
0.060691
0.040364
0.025336
0.014555
0.006590
0.000000
0.000000
0.003012
0.006644
0.011566
0.018483
0.028056
0.040603
0.055623
0.071141
0.083490
0.088328
0.083458
0.071067
0.055486
0.040364
0.027649
0.017800
0.010432
0.004783
0.000000
0.000000
0.002085
0.004554
0.007802
0.012216
0.018099
0.025513
0.034019
0.042446
0.048890
0.051346
0.048866
0.042390
0.033916
0.025336
0.017800
0.011720
0.006989
0.003242
0.000000
0.000000
0.001295
0.002806
0.004746
0.007309
0.010626
0.014671
0.019162
0.023464
0.026663
0.027855
0.026647
0.023427
0.019094
0.014555
0.010432
0.006989
0.004227
0.001978
0.000000
0.000000
0.000617
0.001329
0.002230
0.003398
0.004878
0.006647
0.008567
0.010369
0.011683
0.012168
0.011675
0.010351
0.008534
0.006590
0.004783
0.003242
0.001978
0.000931
0.000000
0.000000
0.000000
0.000000
0.000000
0.000000
0.000000
0.000000
0.000000
0.000000
0.000000
0.000000
0.000000
0.000000
0.000000
0.000000
0.000000
0.000000
0.000000
0.000000
0.000000
0.000000
0.000000
0.000000
0.000000
0.000000
0.000000
0.000000
0.000000
0.000000
0.000000
0.000000
0.000000
0.000000
0.000000
0.000000
0.000000
0.000000
0.000000
0.000000
0.000000
0.000000
0.000326
0.000690
0.001129
0.001669
0.002315
0.003047
0.003801
0.004478
0.004953
0.005125
0.004948
0.004466
0.003780
0.003012
0.002257
0.001577
0.000986
0.000472
0.000000
0.000000
0.000690
0.001470
0.002421
0.003607
0.005053
0.006717
0.008462
0.010048
0.011179
0.011587
0.011168
0.010024
0.008419
0.006644
0.004935
0.003417
0.002123
0.001011
0.000000
0.000000
0.001129
0.002421
0.004028
0.006083
0.008649
0.011678
0.014932
0.017963
0.020159
0.020966
0.020143
0.017926
0.014866
0.011566
0.008464
0.005784
0.003555
0.001682
0.000000
0.000000
0.001669
0.003607
0.006083
0.009337
0.013532
0.018638
0.024302
0.029728
0.033766
0.035270
0.033744
0.029679
0.024212
0.018483
0.013275
0.008916
0.005405
0.002533
0.000000
0.000000
0.002315
0.005053
0.008649
0.013532
0.020042
0.028256
0.037694
0.047067
0.054249
0.056991
0.054222
0.047004
0.037578
0.028056
0.019706
0.012977
0.007741
0.003592
0.000000
0.000000
0.003047
0.006717
0.011678
0.018638
0.028256
0.040848
0.055910
0.071462
0.083833
0.088679
0.083800
0.071386
0.055769
0.040603
0.027840
0.017942
0.010525
0.004829
0.000000
0.000000
0.003801
0.008462
0.014932
0.024302
0.037694
0.055910
0.078596
0.103063
0.123351
0.131591
0.123313
0.102975
0.078432
0.055623
0.037203
0.023471
0.013538
0.006146
0.000000
0.000000
0.004478
0.010048
0.017963
0.029728
0.047067
0.071462
0.103063
0.138643
0.169533
0.182627
0.169491
0.138545
0.102881
0.071141
0.046513
0.028783
0.016362
0.007358
0.000000
0.000000
0.004953
0.011179
0.020159
0.033766
0.054249
0.083833
0.123351
0.169533
0.211367
0.229980
0.211322
0.169430
0.123157
0.083490
0.053655
0.032745
0.018418
0.008229
0.000000
0.000000
0.005125
0.011587
0.020966
0.035270
0.056991
0.088679
0.131591
0.182627
0.229980
0.251762
0.229934
0.182522
0.131393
0.088328
0.056381
0.034223
0.019175
0.008546
0.000000
0.000000
0.004948
0.011168
0.020143
0.033744
0.054222
0.083800
0.123313
0.169491
0.211322
0.229934
0.211277
0.169388
0.123119
0.083458
0.053628
0.032725
0.018404
0.008223
0.000000
0.000000
0.004466
0.010024
0.017926
0.029679
0.047004
0.071386
0.102975
0.138545
0.169430
0.182522
0.169388
0.138449
0.102794
0.071067
0.046453
0.028738
0.016332
0.007343
0.000000
0.000000
0.003780
0.008419
0.014866
0.024212
0.037578
0.055769
0.078432
0.102881
0.123157
0.131393
0.123119
0.102794
0.078271
0.055486
0.037093
0.023388
0.013484
0.006119
0.000000
0.000000
0.003012
0.006644
0.011566
0.018483
0.028056
0.040603
0.055623
0.071141
0.083490
0.088328
0.083458
0.071067
0.055486
0.040364
0.027649
0.017800
0.010432
0.004783
0.000000
0.000000
0.002257
0.004935
0.008464
0.013275
0.019706
0.027840
0.037203
0.046513
0.053655
0.056381
0.053628
0.046453
0.037093
0.027649
0.019384
0.012740
0.007587
0.003515
0.000000
0.000000
0.001577
0.003417
0.005784
0.008916
0.012977
0.017942
0.023471
0.028783
0.032745
0.034223
0.032725
0.028738
0.023388
0.017800
0.012740
0.008526
0.005153
0.002410
0.000000
0.000000
0.000986
0.002123
0.003555
0.005405
0.007741
0.010525
0.013538
0.016362
0.018418
0.019175
0.018404
0.016332
0.013484
0.010432
0.007587
0.005153
0.003149
0.001484
0.000000
0.000000
0.000472
0.001011
0.001682
0.002533
0.003592
0.004829
0.006146
0.007358
0.008229
0.008546
0.008223
0.007343
0.006119
0.004783
0.003515
0.002410
0.001484
0.000703
0.000000
0.000000
0.000000
0.000000
0.000000
0.000000
0.000000
0.000000
0.000000
0.000000
0.000000
0.000000
0.000000
0.000000
0.000000
0.000000
0.000000
0.000000
0.000000
0.000000
0.000000
0.000000
0.000000
0.000000
0.000000
0.000000
0.000000
0.000000
0.000000
0.000000
0.000000
0.000000
0.000000
0.000000
0.000000
0.000000
0.000000
0.000000
0.000000
0.000000
0.000000
0.000000
0.000235
0.000495
0.000804
0.001178
0.001620
0.002111
0.002611
0.003053
0.003361
0.003470
0.003357
0.003044
0.002595
0.002085
0.001577
0.001111
0.000700
0.000336
0.000000
0.000000
0.000495
0.001049
0.001714
0.002529
0.003505
0.004609
0.005744
0.006762
0.007476
0.007733
0.007468
0.006744
0.005712
0.004554
0.003417
0.002390
0.001496
0.000716
0.000000
0.000000
0.000804
0.001714
0.002827
0.004218
0.005921
0.007885
0.009952
0.011835
0.013181
0.013667
0.013168
0.011808
0.009903
0.007802
0.005784
0.003999
0.002481
0.001181
0.000000
0.000000
0.001178
0.002529
0.004218
0.006386
0.009106
0.012331
0.015809
0.019059
0.021420
0.022290
0.021404
0.019021
0.015741
0.012216
0.008916
0.006078
0.003727
0.001761
0.000000
0.000000
0.001620
0.003505
0.005921
0.009106
0.013224
0.018247
0.023830
0.029187
0.033178
0.034666
0.033157
0.029140
0.023744
0.018099
0.012977
0.008701
0.005267
0.002466
0.000000
0.000000
0.002111
0.004609
0.007885
0.012331
0.018247
0.025695
0.034230
0.042682
0.049143
0.051604
0.049118
0.042625
0.034125
0.025513
0.017942
0.011825
0.007059
0.003276
0.000000
0.000000
0.002611
0.005744
0.009952
0.015809
0.023830
0.034230
0.046542
0.059123
0.069040
0.072897
0.069011
0.059057
0.046420
0.034019
0.023471
0.015208
0.008958
0.004121
0.000000
0.000000
0.003053
0.006762
0.011835
0.019059
0.029187
0.042682
0.059123
0.076465
0.090551
0.096182
0.090519
0.076392
0.058988
0.042446
0.028783
0.018377
0.010699
0.004886
0.000000
0.000000
0.003361
0.007476
0.013181
0.021420
0.033178
0.049143
0.069040
0.090551
0.108510
0.115870
0.108476
0.090474
0.068895
0.048890
0.032745
0.020685
0.011948
0.005428
0.000000
0.000000
0.003470
0.007733
0.013667
0.022290
0.034666
0.051604
0.072897
0.096182
0.115870
0.124070
0.115835
0.096103
0.072750
0.051346
0.034223
0.021536
0.012401
0.005624
0.000000
0.000000
0.003357
0.007468
0.013168
0.021404
0.033157
0.049118
0.069011
0.090519
0.108476
0.115835
0.108442
0.090442
0.068867
0.048866
0.032725
0.020671
0.011938
0.005423
0.000000
0.000000
0.003044
0.006744
0.011808
0.019021
0.029140
0.042625
0.059057
0.076392
0.090474
0.096103
0.090442
0.076319
0.058923
0.042390
0.028738
0.018343
0.010676
0.004875
0.000000
0.000000
0.002595
0.005712
0.009903
0.015741
0.023744
0.034125
0.046420
0.058988
0.068895
0.072750
0.068867
0.058923
0.046300
0.033916
0.023388
0.015146
0.008917
0.004101
0.000000
0.000000
0.002085
0.004554
0.007802
0.012216
0.018099
0.025513
0.034019
0.042446
0.048890
0.051346
0.048866
0.042390
0.033916
0.025336
0.017800
0.011720
0.006989
0.003242
0.000000
0.000000
0.001577
0.003417
0.005784
0.008916
0.012977
0.017942
0.023471
0.028783
0.032745
0.034223
0.032725
0.028738
0.023388
0.017800
0.012740
0.008526
0.005153
0.002410
0.000000
0.000000
0.001111
0.002390
0.003999
0.006078
0.008701
0.011825
0.015208
0.018377
0.020685
0.021536
0.020671
0.018343
0.015146
0.011720
0.008526
0.005793
0.003542
0.001670
0.000000
0.000000
0.000700
0.001496
0.002481
0.003727
0.005267
0.007059
0.008958
0.010699
0.011948
0.012401
0.011938
0.010676
0.008917
0.006989
0.005153
0.003542
0.002187
0.001037
0.000000
0.000000
0.000336
0.000716
0.001181
0.001761
0.002466
0.003276
0.004121
0.004886
0.005428
0.005624
0.005423
0.004875
0.004101
0.003242
0.002410
0.001670
0.001037
0.000494
0.000000
0.000000
0.000000
0.000000
0.000000
0.000000
0.000000
0.000000
0.000000
0.000000
0.000000
0.000000
0.000000
0.000000
0.000000
0.000000
0.000000
0.000000
0.000000
0.000000
0.000000
0.000000
0.000000
0.000000
0.000000
0.000000
0.000000
0.000000
0.000000
0.000000
0.000000
0.000000
0.000000
0.000000
0.000000
0.000000
0.000000
0.000000
0.000000
0.000000
0.000000
0.000000
0.000150
0.000316
0.000511
0.000744
0.001015
0.001313
0.001611
0.001873
0.002053
0.002117
0.002051
0.001867
0.001601
0.001295
0.000986
0.000700
0.000443
0.000214
0.000000
0.000000
0.000316
0.000667
0.001084
0.001587
0.002181
0.002841
0.003512
0.004104
0.004517
0.004663
0.004512
0.004092
0.003491
0.002806
0.002123
0.001496
0.000943
0.000453
0.000000
0.000000
0.000511
0.001084
0.001775
0.002625
0.003644
0.004801
0.005995
0.007068
0.007822
0.008094
0.007814
0.007050
0.005962
0.004746
0.003555
0.002481
0.001551
0.000742
0.000000
0.000000
0.000744
0.001587
0.002625
0.003927
0.005530
0.007385
0.009345
0.011136
0.012419
0.012883
0.012408
0.011112
0.009300
0.007309
0.005405
0.003727
0.002308
0.001096
0.000000
0.000000
0.001015
0.002181
0.003644
0.005530
0.007903
0.010724
0.013772
0.016624
0.018699
0.019463
0.018685
0.016592
0.013714
0.010626
0.007741
0.005267
0.003224
0.001521
0.000000
0.000000
0.001313
0.002841
0.004801
0.007385
0.010724
0.014790
0.019301
0.023619
0.026829
0.028024
0.026812
0.023581
0.019231
0.014671
0.010525
0.007059
0.004273
0.002001
0.000000
0.000000
0.001611
0.003512
0.005995
0.009345
0.013772
0.019301
0.025584
0.031752
0.036431
0.038204
0.036412
0.031709
0.025503
0.019162
0.013538
0.008958
0.005363
0.002493
0.000000
0.000000
0.001873
0.004104
0.007068
0.011136
0.016624
0.023619
0.031752
0.039914
0.046242
0.048675
0.046221
0.039866
0.031663
0.023464
0.016362
0.010699
0.006347
0.002933
0.000000
0.000000
0.002053
0.004517
0.007822
0.012419
0.018699
0.026829
0.036431
0.046242
0.053976
0.056996
0.053954
0.046191
0.036336
0.026663
0.018418
0.011948
0.007042
0.003241
0.000000
0.000000
0.002117
0.004663
0.008094
0.012883
0.019463
0.028024
0.038204
0.048675
0.056996
0.060266
0.056974
0.048622
0.038108
0.027855
0.019175
0.012401
0.007293
0.003351
0.000000
0.000000
0.002051
0.004512
0.007814
0.012408
0.018685
0.026812
0.036412
0.046221
0.053954
0.056974
0.053931
0.046170
0.036318
0.026647
0.018404
0.011938
0.007035
0.003238
0.000000
0.000000
0.001867
0.004092
0.007050
0.011112
0.016592
0.023581
0.031709
0.039866
0.046191
0.048622
0.046170
0.039818
0.031620
0.023427
0.016332
0.010676
0.006332
0.002925
0.000000
0.000000
0.001601
0.003491
0.005962
0.009300
0.013714
0.019231
0.025503
0.031663
0.036336
0.038108
0.036318
0.031620
0.025424
0.019094
0.013484
0.008917
0.005336
0.002480
0.000000
0.000000
0.001295
0.002806
0.004746
0.007309
0.010626
0.014671
0.019162
0.023464
0.026663
0.027855
0.026647
0.023427
0.019094
0.014555
0.010432
0.006989
0.004227
0.001978
0.000000
0.000000
0.000986
0.002123
0.003555
0.005405
0.007741
0.010525
0.013538
0.016362
0.018418
0.019175
0.018404
0.016332
0.013484
0.010432
0.007587
0.005153
0.003149
0.001484
0.000000
0.000000
0.000700
0.001496
0.002481
0.003727
0.005267
0.007059
0.008958
0.010699
0.011948
0.012401
0.011938
0.010676
0.008917
0.006989
0.005153
0.003542
0.002187
0.001037
0.000000
0.000000
0.000443
0.000943
0.001551
0.002308
0.003224
0.004273
0.005363
0.006347
0.007042
0.007293
0.007035
0.006332
0.005336
0.004227
0.003149
0.002187
0.001361
0.000649
0.000000
0.000000
0.000214
0.000453
0.000742
0.001096
0.001521
0.002001
0.002493
0.002933
0.003241
0.003351
0.003238
0.002925
0.002480
0.001978
0.001484
0.001037
0.000649
0.000310
0.000000
0.000000
0.000000
0.000000
0.000000
0.000000
0.000000
0.000000
0.000000
0.000000
0.000000
0.000000
0.000000
0.000000
0.000000
0.000000
0.000000
0.000000
0.000000
0.000000
0.000000
0.000000
0.000000
0.000000
0.000000
0.000000
0.000000
0.000000
0.000000
0.000000
0.000000
0.000000
0.000000
0.000000
0.000000
0.000000
0.000000
0.000000
0.000000
0.000000
0.000000
0.000000
0.000073
0.000154
0.000247
0.000358
0.000486
0.000625
0.000764
0.000885
0.000968
0.000997
0.000966
0.000882
0.000759
0.000617
0.000472
0.000336
0.000214
0.000103
0.000000
0.000000
0.000154
0.000323
0.000523
0.000761
0.001040
0.001347
0.001655
0.001926
0.002113
0.002179
0.002110
0.001920
0.001645
0.001329
0.001011
0.000716
0.000453
0.000219
0.000000
0.000000
0.000247
0.000523
0.000852
0.001251
0.001726
0.002257
0.002800
0.003281
0.003618
0.003737
0.003614
0.003272
0.002783
0.002230
0.001682
0.001181
0.000742
0.000356
0.000000
0.000000
0.000358
0.000761
0.001251
0.001859
0.002595
0.003436
0.004310
0.005099
0.005657
0.005858
0.005651
0.005087
0.004287
0.003398
0.002533
0.001761
0.001096
0.000523
0.000000
0.000000
0.000486
0.001040
0.001726
0.002595
0.003671
0.004927
0.006261
0.007486
0.008367
0.008687
0.008360
0.007471
0.006232
0.004878
0.003592
0.002466
0.001521
0.000721
0.000000
0.000000
0.000625
0.001347
0.002257
0.003436
0.004927
0.006706
0.008636
0.010446
0.011765
0.012251
0.011757
0.010427
0.008601
0.006647
0.004829
0.003276
0.002001
0.000942
0.000000
0.000000
0.000764
0.001655
0.002800
0.004310
0.006261
0.008636
0.011267
0.013780
0.015645
0.016339
0.015636
0.013759
0.011227
0.008567
0.006146
0.004121
0.002493
0.001167
0.000000
0.000000
0.000885
0.001926
0.003281
0.005099
0.007486
0.010446
0.013780
0.017026
0.019468
0.020388
0.019457
0.017002
0.013736
0.010369
0.007358
0.004886
0.002933
0.001366
0.000000
0.000000
0.000968
0.002113
0.003618
0.005657
0.008367
0.011765
0.015645
0.019468
0.022382
0.023488
0.022371
0.019442
0.015598
0.011683
0.008229
0.005428
0.003241
0.001504
0.000000
0.000000
0.000997
0.002179
0.003737
0.005858
0.008687
0.012251
0.016339
0.020388
0.023488
0.024671
0.023476
0.020362
0.016291
0.012168
0.008546
0.005624
0.003351
0.001553
0.000000
0.000000
0.000966
0.002110
0.003614
0.005651
0.008360
0.011757
0.015636
0.019457
0.022371
0.023476
0.022360
0.019432
0.015589
0.011675
0.008223
0.005423
0.003238
0.001502
0.000000
0.000000
0.000882
0.001920
0.003272
0.005087
0.007471
0.010427
0.013759
0.017002
0.019442
0.020362
0.019432
0.016978
0.013715
0.010351
0.007343
0.004875
0.002925
0.001362
0.000000
0.000000
0.000759
0.001645
0.002783
0.004287
0.006232
0.008601
0.011227
0.013736
0.015598
0.016291
0.015589
0.013715
0.011187
0.008534
0.006119
0.004101
0.002480
0.001160
0.000000
0.000000
0.000617
0.001329
0.002230
0.003398
0.004878
0.006647
0.008567
0.010369
0.011683
0.012168
0.011675
0.010351
0.008534
0.006590
0.004783
0.003242
0.001978
0.000931
0.000000
0.000000
0.000472
0.001011
0.001682
0.002533
0.003592
0.004829
0.006146
0.007358
0.008229
0.008546
0.008223
0.007343
0.006119
0.004783
0.003515
0.002410
0.001484
0.000703
0.000000
0.000000
0.000336
0.000716
0.001181
0.001761
0.002466
0.003276
0.004121
0.004886
0.005428
0.005624
0.005423
0.004875
0.004101
0.003242
0.002410
0.001670
0.001037
0.000494
0.000000
0.000000
0.000214
0.000453
0.000742
0.001096
0.001521
0.002001
0.002493
0.002933
0.003241
0.003351
0.003238
0.002925
0.002480
0.001978
0.001484
0.001037
0.000649
0.000310
0.000000
0.000000
0.000103
0.000219
0.000356
0.000523
0.000721
0.000942
0.001167
0.001366
0.001504
0.001553
0.001502
0.001362
0.001160
0.000931
0.000703
0.000494
0.000310
0.000149
0.000000
0.000000
0.000000
0.000000
0.000000
0.000000
0.000000
0.000000
0.000000
0.000000
0.000000
0.000000
0.000000
0.000000
0.000000
0.000000
0.000000
0.000000
0.000000
0.000000
0.000000
0.000000
0.000000
0.000000
0.000000
0.000000
0.000000
0.000000
0.000000
0.000000
0.000000
0.000000
0.000000
0.000000
0.000000
0.000000
0.000000
0.000000
0.000000
0.000000
0.000000
0.000000
0.000000
0.000000
0.000000
0.000000
0.000000
0.000000
0.000000
0.000000
0.000000
0.000000
0.000000
0.000000
0.000000
0.000000
0.000000
0.000000
0.000000
0.000000
0.000000
0.000000
0.000000
0.000000
0.000000
0.000000
0.000000
0.000000
0.000000
0.000000
0.000000
0.000000
0.000000
0.000000
0.000000
0.000000
0.000000
0.000000
0.000000
0.000000
0.000000
0.000000
0.000000
0.000000
0.000000
0.000000
0.000000
0.000000
0.000000
0.000000
0.000000
0.000000
0.000000
0.000000
0.000000
0.000000
0.000000
0.000000
0.000000
0.000000
0.000000
0.000000
0.000000
0.000000
0.000000
0.000000
0.000000
0.000000
0.000000
0.000000
0.000000
0.000000
0.000000
0.000000
0.000000
0.000000
0.000000
0.000000
0.000000
0.000000
0.000000
0.000000
0.000000
0.000000
0.000000
0.000000
0.000000
0.000000
0.000000
0.000000
0.000000
0.000000
0.000000
0.000000
0.000000
0.000000
0.000000
0.000000
0.000000
0.000000
0.000000
0.000000
0.000000
0.000000
0.000000
0.000000
0.000000
0.000000
0.000000
0.000000
0.000000
0.000000
0.000000
0.000000
0.000000
0.000000
0.000000
0.000000
0.000000
0.000000
0.000000
0.000000
0.000000
0.000000
0.000000
0.000000
0.000000
0.000000
0.000000
0.000000
0.000000
0.000000
0.000000
0.000000
0.000000
0.000000
0.000000
0.000000
0.000000
0.000000
0.000000
0.000000
0.000000
0.000000
0.000000
0.000000
0.000000
0.000000
0.000000
0.000000
0.000000
0.000000
0.000000
0.000000
0.000000
0.000000
0.000000
0.000000
0.000000
0.000000
0.000000
0.000000
0.000000
0.000000
0.000000
0.000000
0.000000
0.000000
0.000000
0.000000
0.000000
0.000000
0.000000
0.000000
0.000000
0.000000
0.000000
0.000000
0.000000
0.000000
0.000000
0.000000
0.000000
0.000000
0.000000
0.000000
0.000000
0.000000
0.000000
0.000000
0.000000
0.000000
0.000000
0.000000
0.000000
0.000000
0.000000
0.000000
0.000000
0.000000
0.000000
0.000000
0.000000
0.000000
0.000000
0.000000
0.000000
0.000000
0.000000
0.000000
0.000000
0.000000
0.000000
0.000000
0.000000
0.000000
0.000000
0.000000
0.000000
0.000000
0.000000
0.000000
0.000000
0.000000
0.000000
0.000000
0.000000
0.000000
0.000000
0.000000
0.000000
0.000000
0.000000
0.000000
0.000000
0.000000
0.000000
0.000000
0.000000
0.000000
0.000000
0.000000
0.000000
0.000000
0.000000
0.000000
0.000000
0.000000
0.000000
0.000000
0.000000
0.000000
0.000000
0.000000
0.000000
0.000000
0.000000
0.000000
0.000000
0.000000
0.000000
0.000000
0.000000
0.000000
0.000000
0.000000
0.000000
0.000000
0.000000
0.000000
0.000000
0.000000
0.000000
0.000000
0.000000
0.000000
0.000000
0.000000
0.000000
0.000000
0.000000
0.000000
0.000000
0.000000
0.000000
0.000000
0.000000
0.000000
0.000000
0.000000
0.000000
0.000000
0.000000
0.000000
0.000000
0.000000
0.000000
0.000000
0.000000
0.000000
0.000000
0.000000
0.000000
0.000000
0.000000
0.000000
0.000000
0.000000
0.000000
0.000000
0.000000
0.000000
0.000000
0.000000
0.000000
0.000000
0.000000
0.000000
0.000000
0.000000
0.000000
0.000000
0.000000
0.000000
0.000000
0.000000
0.000000
0.000000
0.000000
0.000000
0.000000
0.000000
0.000000
0.000000
0.000000
0.000000
0.000000
0.000000
0.000000
0.000000
0.000000
0.000000
0.000000
0.000000
0.000000
0.000000
0.000000
0.000000
0.000000
0.000000
0.000000
0.000000
0.000000
0.000000
0.000000
0.000000
0.000000
0.000000
0.000000
0.000000
0.000000
0.000000
0.000000
0.000000
0.000000
0.000000
0.000000
0.000000
0.000000
0.000000
0.000000
0.000000
0.000000
0.000000
0.000000
0.000000
0.000000
0.000000
0.000000
0.000000
0.000000
